6.812039312039311900e-01,6.426597051597051635e-01,7.028562653562653306e-01,6.801289926289926235e-01,6.402027027027027417e-01,6.400491400491400418e-01,6.394348894348894641e-01
6.629299754299754488e-01,6.426597051597051635e-01,6.649262899262898818e-01,7.212837837837837718e-01,6.219287469287468895e-01,6.721437346437346694e-01,6.131756756756756577e-01
6.816646191646191788e-01,5.925982800982800835e-01,7.114557739557739735e-01,6.544840294840295059e-01,6.557125307125306612e-01,6.593980343980343495e-01,6.282248157248156994e-01
6.652334152334152817e-01,6.744471744471745023e-01,6.980958230958230759e-01,6.277641277641277107e-01,6.755221130221130688e-01,6.050368550368550036e-01,6.202395577395577453e-01
6.472665847665847183e-01,6.389742014742014753e-01,6.182432432432432012e-01,6.223894348894348783e-01,6.527948402948402506e-01,6.672297297297297147e-01,6.395884520884520530e-01
6.656941031941031595e-01,6.202395577395577453e-01,7.426289926289926235e-01,6.676904176904177035e-01,6.256142506142505777e-01,6.352886977886977871e-01,5.982800982800983158e-01
6.812039312039311900e-01,6.792076167076167570e-01,6.962530712530712318e-01,6.851965601965601671e-01,6.225429975429975782e-01,5.953624078624079052e-01,6.374385749385749200e-01
6.948710073710073765e-01,6.609336609336609047e-01,7.014742014742014753e-01,6.842751842751843006e-01,6.377457002457002089e-01,6.082616707616708140e-01,6.494164619164619623e-01
5.939803439803439389e-01,6.660012285012284483e-01,7.288083538083538482e-01,6.815110565110564789e-01,6.266891891891891442e-01,6.640049140049140153e-01,6.431203931203931523e-01
6.306818181818182323e-01,6.319103194103193877e-01,7.427825552825553235e-01,6.835073710073710229e-01,6.655405405405405705e-01,5.835380835380835629e-01,6.282248157248156994e-01
6.767506142506142242e-01,6.517199017199016842e-01,7.109950859950859847e-01,6.894963144963145441e-01,6.812039312039311900e-01,6.242321867321867224e-01,6.489557739557739735e-01
6.752149877149876689e-01,6.761363636363636465e-01,6.756756756756756577e-01,6.908783783783783994e-01,6.431203931203931523e-01,6.434275184275184412e-01,5.988943488943488935e-01
6.769041769041769241e-01,6.520270270270269730e-01,7.120700245700245512e-01,7.211302211302211829e-01,6.735257985257985247e-01,5.990479115479115935e-01,6.263820638820638553e-01
6.584766584766584829e-01,6.658476658476658594e-01,6.971744471744472094e-01,7.022420147420147529e-01,6.266891891891891442e-01,6.309889434889435211e-01,6.139434889434889353e-01
6.615479115479115935e-01,5.988943488943488935e-01,7.076167076167075853e-01,6.715294840294839807e-01,6.253071253071252888e-01,6.844287469287468895e-01,5.843058968058968405e-01
6.105651105651105359e-01,6.641584766584766042e-01,6.948710073710073765e-01,6.948710073710073765e-01,6.372850122850123311e-01,6.130221130221130688e-01,5.990479115479115935e-01
6.592444717444717606e-01,6.626228501228501599e-01,6.749078624078623800e-01,6.117936117936118023e-01,6.531019656019656505e-01,6.064189189189189699e-01,6.388206388206387754e-01
6.560196560196560611e-01,6.661547911547911482e-01,7.143734643734643841e-01,7.168304668304668059e-01,6.640049140049140153e-01,6.025798525798525818e-01,6.194717444717444677e-01
6.621621621621621712e-01,6.374385749385749200e-01,7.263513513513513153e-01,6.785933660933660683e-01,6.213144963144963118e-01,6.773648648648649129e-01,6.236179361179361447e-01
6.633906633906634376e-01,6.423525798525798747e-01,7.054668304668304524e-01,6.868857493857494223e-01,5.947481572481572165e-01,6.744471744471745023e-01,5.850737100737101182e-01
6.411240786240786083e-01,6.580159705159704941e-01,7.392506142506142242e-01,7.007063882063881977e-01,6.772113022113022129e-01,6.563267813267813500e-01,6.368243243243243423e-01
6.663083538083538482e-01,6.824324324324324564e-01,7.085380835380835629e-01,6.481879606879606959e-01,6.360565110565110647e-01,6.253071253071252888e-01,6.157862407862407794e-01
6.348280098280097983e-01,6.303746928746928324e-01,7.094594594594594295e-01,6.374385749385749200e-01,6.406633906633906195e-01,6.378992628992629088e-01,6.406633906633906195e-01
6.437346437346437300e-01,6.031941031941031595e-01,7.317260442260442588e-01,6.197788697788697565e-01,6.624692874692874600e-01,6.415847665847665970e-01,6.406633906633906195e-01
6.656941031941031595e-01,6.733722358722358248e-01,6.987100737100737646e-01,7.000921375921376200e-01,6.504914004914005288e-01,6.191646191646191788e-01,6.240786240786241335e-01
6.544840294840295059e-01,6.729115479115479470e-01,7.109950859950859847e-01,6.693796068796068477e-01,6.091830466830466806e-01,6.520270270270269730e-01,6.273034398034398329e-01
6.468058968058968405e-01,6.054975429975429924e-01,7.014742014742014753e-01,6.824324324324324564e-01,6.446560196560197076e-01,6.076474201474201253e-01,5.755528255528254977e-01
7.100737100737101182e-01,6.507985257985258176e-01,6.689189189189189699e-01,6.566339066339066388e-01,6.664619164619164371e-01,6.595515970515970494e-01,6.203931203931204452e-01
6.845823095823095894e-01,6.345208845208845094e-01,6.888820638820638553e-01,6.980958230958230759e-01,6.425061425061424636e-01,6.253071253071252888e-01,6.836609336609336118e-01
6.515663390663390953e-01,6.769041769041769241e-01,7.232800982800983158e-01,7.099201474201474182e-01,6.435810810810810301e-01,6.273034398034398329e-01,6.543304668304668059e-01
6.810503685503686011e-01,6.922604422604422547e-01,7.695024570024570076e-01,6.632371007371007376e-01,6.974815724815724982e-01,6.497235872235872511e-01,6.495700245700245512e-01
6.678439803439802924e-01,6.494164619164619623e-01,7.343366093366093805e-01,6.543304668304668059e-01,6.719901719901719694e-01,6.185503685503686011e-01,6.497235872235872511e-01
6.348280098280097983e-01,6.062653562653562700e-01,7.231265356265356159e-01,7.363329238329238136e-01,6.627764127764127489e-01,6.339066339066339317e-01,6.511056511056511065e-01
6.687653562653562700e-01,6.967137592137592206e-01,7.529176904176904106e-01,6.501842751842751289e-01,6.303746928746928324e-01,6.208538083538083230e-01,6.460380835380835629e-01
6.391277641277641752e-01,6.719901719901719694e-01,6.888820638820638553e-01,6.690724815724815588e-01,6.266891891891891442e-01,6.400491400491400418e-01,6.180896805896806123e-01
6.445024570024570076e-01,6.276105651105651217e-01,7.529176904176904106e-01,6.878071253071252888e-01,6.008906633906634376e-01,6.291461916461916770e-01,6.283783783783783994e-01
6.721437346437346694e-01,6.035012285012284483e-01,6.359029484029483648e-01,7.114557739557739735e-01,6.554054054054053724e-01,5.881449631449631177e-01,6.177825552825553235e-01
6.463452088452088518e-01,6.378992628992629088e-01,7.400184275184275018e-01,7.008599508599508976e-01,6.441953316953317188e-01,6.251535626535626999e-01,6.174754299754299236e-01
6.529484029484029506e-01,6.517199017199016842e-01,6.894963144963145441e-01,6.764434889434889353e-01,6.124078624078623800e-01,6.593980343980343495e-01,6.524877149877149618e-01
6.316031941031940988e-01,6.421990171990171747e-01,6.802825552825553235e-01,7.073095823095822965e-01,6.449631449631449964e-01,6.386670761670761864e-01,5.875307125307125400e-01
