6.593406593406593297e-01,4.835164835164835195e-01,6.373626373626373187e-01,4.615384615384615641e-01,5.164835164835165360e-01,7.362637362637363125e-01,6.263736263736263687e-01
6.043956043956043578e-01,5.934065934065934078e-01,5.164835164835165360e-01,6.263736263736263687e-01,4.835164835164835195e-01,4.615384615384615641e-01,4.945054945054945250e-01
5.494505494505494969e-01,5.934065934065934078e-01,4.615384615384615641e-01,4.945054945054945250e-01,4.285714285714285476e-01,4.945054945054945250e-01,4.725274725274725141e-01
4.065934065934065922e-01,4.395604395604395531e-01,4.835164835164835195e-01,5.164835164835165360e-01,3.846153846153846367e-01,4.505494505494505586e-01,4.835164835164835195e-01
5.604395604395604469e-01,6.153846153846154188e-01,5.274725274725274859e-01,4.615384615384615641e-01,4.615384615384615641e-01,6.043956043956043578e-01,5.164835164835165360e-01
5.604395604395604469e-01,4.285714285714285476e-01,4.945054945054945250e-01,4.505494505494505586e-01,3.296703296703296648e-01,4.615384615384615641e-01,4.285714285714285476e-01
5.824175824175824578e-01,5.274725274725274859e-01,5.604395604395604469e-01,4.835164835164835195e-01,5.274725274725274859e-01,5.274725274725274859e-01,5.494505494505494969e-01
5.494505494505494969e-01,5.274725274725274859e-01,3.846153846153846367e-01,5.274725274725274859e-01,5.054945054945054750e-01,4.395604395604395531e-01,4.725274725274725141e-01
4.615384615384615641e-01,5.824175824175824578e-01,5.054945054945054750e-01,3.626373626373626258e-01,5.274725274725274859e-01,4.945054945054945250e-01,4.835164835164835195e-01
5.824175824175824578e-01,5.164835164835165360e-01,5.054945054945054750e-01,4.835164835164835195e-01,5.494505494505494969e-01,4.395604395604395531e-01,5.494505494505494969e-01
5.604395604395604469e-01,5.714285714285713969e-01,5.714285714285713969e-01,4.395604395604395531e-01,6.043956043956043578e-01,4.945054945054945250e-01,5.714285714285713969e-01
6.703296703296702796e-01,5.934065934065934078e-01,5.604395604395604469e-01,5.274725274725274859e-01,5.494505494505494969e-01,4.285714285714285476e-01,4.945054945054945250e-01
5.934065934065934078e-01,5.824175824175824578e-01,6.703296703296702796e-01,4.505494505494505586e-01,5.274725274725274859e-01,4.615384615384615641e-01,4.395604395604395531e-01
6.483516483516483797e-01,5.604395604395604469e-01,4.945054945054945250e-01,6.043956043956043578e-01,4.835164835164835195e-01,5.054945054945054750e-01,5.054945054945054750e-01
5.054945054945054750e-01,6.153846153846154188e-01,5.824175824175824578e-01,4.725274725274725141e-01,4.835164835164835195e-01,4.505494505494505586e-01,4.725274725274725141e-01
5.274725274725274859e-01,5.714285714285713969e-01,5.054945054945054750e-01,5.384615384615384359e-01,4.615384615384615641e-01,5.274725274725274859e-01,5.714285714285713969e-01
6.043956043956043578e-01,6.043956043956043578e-01,4.945054945054945250e-01,6.263736263736263687e-01,6.373626373626373187e-01,3.846153846153846367e-01,7.032967032967033516e-01
5.494505494505494969e-01,6.043956043956043578e-01,6.153846153846154188e-01,5.494505494505494969e-01,5.054945054945054750e-01,5.274725274725274859e-01,4.945054945054945250e-01
5.824175824175824578e-01,5.824175824175824578e-01,5.164835164835165360e-01,4.615384615384615641e-01,4.615384615384615641e-01,5.494505494505494969e-01,5.054945054945054750e-01
5.604395604395604469e-01,4.835164835164835195e-01,6.703296703296702796e-01,5.934065934065934078e-01,4.615384615384615641e-01,5.604395604395604469e-01,4.945054945054945250e-01
5.604395604395604469e-01,5.494505494505494969e-01,5.494505494505494969e-01,5.054945054945054750e-01,5.054945054945054750e-01,4.615384615384615641e-01,5.384615384615384359e-01
5.714285714285713969e-01,5.164835164835165360e-01,4.615384615384615641e-01,4.945054945054945250e-01,6.373626373626373187e-01,4.725274725274725141e-01,5.824175824175824578e-01
6.373626373626373187e-01,5.604395604395604469e-01,5.054945054945054750e-01,4.945054945054945250e-01,5.384615384615384359e-01,4.835164835164835195e-01,5.604395604395604469e-01
5.824175824175824578e-01,4.725274725274725141e-01,6.373626373626373187e-01,5.934065934065934078e-01,5.164835164835165360e-01,5.274725274725274859e-01,5.054945054945054750e-01
5.824175824175824578e-01,5.384615384615384359e-01,4.725274725274725141e-01,5.384615384615384359e-01,4.395604395604395531e-01,6.153846153846154188e-01,5.494505494505494969e-01
5.054945054945054750e-01,5.824175824175824578e-01,5.824175824175824578e-01,5.384615384615384359e-01,4.725274725274725141e-01,5.604395604395604469e-01,5.274725274725274859e-01
5.164835164835165360e-01,5.934065934065934078e-01,5.384615384615384359e-01,4.725274725274725141e-01,5.274725274725274859e-01,4.175824175824175977e-01,4.835164835164835195e-01
4.945054945054945250e-01,5.384615384615384359e-01,5.054945054945054750e-01,5.274725274725274859e-01,5.164835164835165360e-01,5.164835164835165360e-01,5.714285714285713969e-01
5.494505494505494969e-01,5.164835164835165360e-01,5.494505494505494969e-01,6.483516483516483797e-01,5.604395604395604469e-01,4.615384615384615641e-01,5.164835164835165360e-01
5.164835164835165360e-01,5.934065934065934078e-01,4.505494505494505586e-01,4.395604395604395531e-01,4.065934065934065922e-01,4.615384615384615641e-01,6.263736263736263687e-01
5.934065934065934078e-01,6.263736263736263687e-01,6.813186813186813406e-01,5.494505494505494969e-01,6.153846153846154188e-01,5.274725274725274859e-01,6.703296703296702796e-01
6.263736263736263687e-01,5.384615384615384359e-01,5.604395604395604469e-01,5.714285714285713969e-01,5.384615384615384359e-01,4.615384615384615641e-01,5.054945054945054750e-01
6.373626373626373187e-01,5.054945054945054750e-01,5.714285714285713969e-01,4.725274725274725141e-01,4.945054945054945250e-01,5.714285714285713969e-01,5.494505494505494969e-01
6.593406593406593297e-01,6.043956043956043578e-01,4.945054945054945250e-01,4.945054945054945250e-01,4.285714285714285476e-01,5.494505494505494969e-01,4.505494505494505586e-01
6.263736263736263687e-01,5.604395604395604469e-01,5.494505494505494969e-01,5.054945054945054750e-01,4.945054945054945250e-01,5.604395604395604469e-01,4.505494505494505586e-01
5.604395604395604469e-01,6.153846153846154188e-01,6.263736263736263687e-01,5.604395604395604469e-01,4.505494505494505586e-01,5.714285714285713969e-01,5.054945054945054750e-01
4.835164835164835195e-01,5.384615384615384359e-01,4.725274725274725141e-01,5.054945054945054750e-01,5.714285714285713969e-01,4.945054945054945250e-01,5.934065934065934078e-01
6.043956043956043578e-01,5.274725274725274859e-01,7.252747252747252515e-01,6.153846153846154188e-01,4.065934065934065922e-01,5.494505494505494969e-01,4.725274725274725141e-01
5.494505494505494969e-01,5.494505494505494969e-01,5.934065934065934078e-01,5.824175824175824578e-01,4.945054945054945250e-01,5.164835164835165360e-01,4.175824175824175977e-01
4.835164835164835195e-01,4.945054945054945250e-01,6.153846153846154188e-01,5.274725274725274859e-01,5.714285714285713969e-01,4.945054945054945250e-01,4.615384615384615641e-01
