1.000000000000000000e+00,9.574468085106383475e-01,1.000000000000000000e+00,1.000000000000000000e+00,9.787234042553191182e-01,1.000000000000000000e+00,9.929078014184397061e-01
1.000000000000000000e+00,9.219858156028368779e-01,1.000000000000000000e+00,9.787234042553191182e-01,9.929078014184397061e-01,1.000000000000000000e+00,1.000000000000000000e+00
1.000000000000000000e+00,8.652482269503546375e-01,1.000000000000000000e+00,1.000000000000000000e+00,1.000000000000000000e+00,9.716312056737588243e-01,9.929078014184397061e-01
1.000000000000000000e+00,8.794326241134752253e-01,1.000000000000000000e+00,9.929078014184397061e-01,1.000000000000000000e+00,9.716312056737588243e-01,9.716312056737588243e-01
1.000000000000000000e+00,9.361702127659574657e-01,1.000000000000000000e+00,9.929078014184397061e-01,9.787234042553191182e-01,1.000000000000000000e+00,1.000000000000000000e+00
1.000000000000000000e+00,9.290780141843971718e-01,1.000000000000000000e+00,9.858156028368794122e-01,9.929078014184397061e-01,9.716312056737588243e-01,9.929078014184397061e-01
1.000000000000000000e+00,9.432624113475177596e-01,9.929078014184397061e-01,9.929078014184397061e-01,9.858156028368794122e-01,1.000000000000000000e+00,9.858156028368794122e-01
1.000000000000000000e+00,9.078014184397162900e-01,1.000000000000000000e+00,9.929078014184397061e-01,1.000000000000000000e+00,9.929078014184397061e-01,9.787234042553191182e-01
1.000000000000000000e+00,8.723404255319149314e-01,1.000000000000000000e+00,1.000000000000000000e+00,9.929078014184397061e-01,9.858156028368794122e-01,9.858156028368794122e-01
1.000000000000000000e+00,9.007092198581559961e-01,1.000000000000000000e+00,9.858156028368794122e-01,9.929078014184397061e-01,9.645390070921985304e-01,9.858156028368794122e-01
1.000000000000000000e+00,8.865248226950354082e-01,1.000000000000000000e+00,9.929078014184397061e-01,9.929078014184397061e-01,1.000000000000000000e+00,9.929078014184397061e-01
1.000000000000000000e+00,9.007092198581559961e-01,9.929078014184397061e-01,1.000000000000000000e+00,9.787234042553191182e-01,9.929078014184397061e-01,1.000000000000000000e+00
1.000000000000000000e+00,9.290780141843971718e-01,1.000000000000000000e+00,9.858156028368794122e-01,1.000000000000000000e+00,9.858156028368794122e-01,9.858156028368794122e-01
1.000000000000000000e+00,9.503546099290780536e-01,1.000000000000000000e+00,1.000000000000000000e+00,9.858156028368794122e-01,9.929078014184397061e-01,9.858156028368794122e-01
1.000000000000000000e+00,9.007092198581559961e-01,9.929078014184397061e-01,9.219858156028368779e-01,9.858156028368794122e-01,1.000000000000000000e+00,9.929078014184397061e-01
1.000000000000000000e+00,9.432624113475177596e-01,1.000000000000000000e+00,9.929078014184397061e-01,9.858156028368794122e-01,9.858156028368794122e-01,1.000000000000000000e+00
1.000000000000000000e+00,9.007092198581559961e-01,1.000000000000000000e+00,9.929078014184397061e-01,9.716312056737588243e-01,9.645390070921985304e-01,9.929078014184397061e-01
1.000000000000000000e+00,8.865248226950354082e-01,1.000000000000000000e+00,1.000000000000000000e+00,9.929078014184397061e-01,9.787234042553191182e-01,9.929078014184397061e-01
1.000000000000000000e+00,8.581560283687943436e-01,1.000000000000000000e+00,9.929078014184397061e-01,9.858156028368794122e-01,9.858156028368794122e-01,1.000000000000000000e+00
1.000000000000000000e+00,9.361702127659574657e-01,1.000000000000000000e+00,9.929078014184397061e-01,1.000000000000000000e+00,9.929078014184397061e-01,9.929078014184397061e-01
1.000000000000000000e+00,8.936170212765957022e-01,1.000000000000000000e+00,9.929078014184397061e-01,9.432624113475177596e-01,9.929078014184397061e-01,9.929078014184397061e-01
1.000000000000000000e+00,9.503546099290780536e-01,1.000000000000000000e+00,9.858156028368794122e-01,9.787234042553191182e-01,9.716312056737588243e-01,9.787234042553191182e-01
1.000000000000000000e+00,9.432624113475177596e-01,1.000000000000000000e+00,9.787234042553191182e-01,9.858156028368794122e-01,9.787234042553191182e-01,9.929078014184397061e-01
1.000000000000000000e+00,9.290780141843971718e-01,1.000000000000000000e+00,9.929078014184397061e-01,1.000000000000000000e+00,9.929078014184397061e-01,9.716312056737588243e-01
1.000000000000000000e+00,9.361702127659574657e-01,1.000000000000000000e+00,9.929078014184397061e-01,1.000000000000000000e+00,1.000000000000000000e+00,9.858156028368794122e-01
1.000000000000000000e+00,9.219858156028368779e-01,1.000000000000000000e+00,9.929078014184397061e-01,1.000000000000000000e+00,9.858156028368794122e-01,1.000000000000000000e+00
1.000000000000000000e+00,8.865248226950354082e-01,1.000000000000000000e+00,9.787234042553191182e-01,9.858156028368794122e-01,1.000000000000000000e+00,9.929078014184397061e-01
1.000000000000000000e+00,9.007092198581559961e-01,1.000000000000000000e+00,9.929078014184397061e-01,9.645390070921985304e-01,9.858156028368794122e-01,9.929078014184397061e-01
1.000000000000000000e+00,9.432624113475177596e-01,1.000000000000000000e+00,9.929078014184397061e-01,9.929078014184397061e-01,9.929078014184397061e-01,1.000000000000000000e+00
1.000000000000000000e+00,9.432624113475177596e-01,1.000000000000000000e+00,1.000000000000000000e+00,9.929078014184397061e-01,9.929078014184397061e-01,9.787234042553191182e-01
1.000000000000000000e+00,9.716312056737588243e-01,1.000000000000000000e+00,1.000000000000000000e+00,9.929078014184397061e-01,9.787234042553191182e-01,1.000000000000000000e+00
1.000000000000000000e+00,9.361702127659574657e-01,9.929078014184397061e-01,9.929078014184397061e-01,9.858156028368794122e-01,9.929078014184397061e-01,9.787234042553191182e-01
1.000000000000000000e+00,9.361702127659574657e-01,1.000000000000000000e+00,9.858156028368794122e-01,1.000000000000000000e+00,9.929078014184397061e-01,9.929078014184397061e-01
1.000000000000000000e+00,9.078014184397162900e-01,9.929078014184397061e-01,9.716312056737588243e-01,9.716312056737588243e-01,1.000000000000000000e+00,9.716312056737588243e-01
1.000000000000000000e+00,9.361702127659574657e-01,9.929078014184397061e-01,9.858156028368794122e-01,9.716312056737588243e-01,1.000000000000000000e+00,9.929078014184397061e-01
1.000000000000000000e+00,9.148936170212765839e-01,1.000000000000000000e+00,9.858156028368794122e-01,9.929078014184397061e-01,9.787234042553191182e-01,9.929078014184397061e-01
1.000000000000000000e+00,9.361702127659574657e-01,1.000000000000000000e+00,1.000000000000000000e+00,9.858156028368794122e-01,1.000000000000000000e+00,9.929078014184397061e-01
8.794326241134752253e-01,9.219858156028368779e-01,9.858156028368794122e-01,9.929078014184397061e-01,9.787234042553191182e-01,1.000000000000000000e+00,9.858156028368794122e-01
1.000000000000000000e+00,9.290780141843971718e-01,1.000000000000000000e+00,1.000000000000000000e+00,9.929078014184397061e-01,9.929078014184397061e-01,9.858156028368794122e-01
1.000000000000000000e+00,9.432624113475177596e-01,9.503546099290780536e-01,9.858156028368794122e-01,1.000000000000000000e+00,9.716312056737588243e-01,1.000000000000000000e+00
