3.793522906793049287e+01
3.793522906793049287e+01
3.793522906793049287e+01
3.793522906793049287e+01
3.793522906793049287e+01
3.793522906793049287e+01
3.793522906793049287e+01
3.793522906793049287e+01
3.793522906793049287e+01
3.793522906793049287e+01
3.793522906793049287e+01
3.793522906793049287e+01
3.793522906793049287e+01
3.793522906793049287e+01
3.793522906793049287e+01
3.793522906793049287e+01
3.793522906793049287e+01
3.793522906793049287e+01
3.793522906793049287e+01
3.793522906793049287e+01
3.793522906793049287e+01
3.793522906793049287e+01
3.793522906793049287e+01
3.793522906793049287e+01
3.793522906793049287e+01
3.793522906793049287e+01
3.793522906793049287e+01
3.793522906793049287e+01
3.793522906793049287e+01
3.793522906793049287e+01
3.793522906793049287e+01
3.793522906793049287e+01
3.793522906793049287e+01
3.793522906793049287e+01
3.793522906793049287e+01
3.793522906793049287e+01
3.793522906793049287e+01
3.793522906793049287e+01
3.793522906793049287e+01
3.793522906793049287e+01
