3.792417061611375573e+01
3.792417061611375573e+01
3.792417061611375573e+01
3.792417061611375573e+01
3.792417061611375573e+01
3.792417061611375573e+01
3.792417061611375573e+01
3.792417061611375573e+01
3.792417061611375573e+01
3.792417061611375573e+01
3.792417061611375573e+01
3.792417061611375573e+01
3.792417061611375573e+01
3.792417061611375573e+01
3.792417061611375573e+01
3.792417061611375573e+01
3.792417061611375573e+01
3.792417061611375573e+01
3.792417061611375573e+01
3.792417061611375573e+01
3.792417061611375573e+01
3.792417061611375573e+01
3.792417061611375573e+01
3.792417061611375573e+01
3.792417061611375573e+01
3.792417061611375573e+01
3.792417061611375573e+01
3.792417061611375573e+01
3.792417061611375573e+01
3.792417061611375573e+01
3.792417061611375573e+01
3.792417061611375573e+01
3.792417061611375573e+01
3.792417061611375573e+01
3.792417061611375573e+01
3.792417061611375573e+01
3.792417061611375573e+01
3.792417061611375573e+01
3.792417061611375573e+01
3.792417061611375573e+01
