3.763191153238546605e+01
3.763191153238546605e+01
3.763191153238546605e+01
3.763191153238546605e+01
3.763191153238546605e+01
3.763191153238546605e+01
3.763191153238546605e+01
3.763191153238546605e+01
3.763191153238546605e+01
3.763191153238546605e+01
3.763191153238546605e+01
3.763191153238546605e+01
3.763191153238546605e+01
3.763191153238546605e+01
3.763191153238546605e+01
3.763191153238546605e+01
3.763191153238546605e+01
3.763191153238546605e+01
3.763191153238546605e+01
3.763191153238546605e+01
3.763191153238546605e+01
3.763191153238546605e+01
3.763191153238546605e+01
3.763191153238546605e+01
3.763191153238546605e+01
3.763191153238546605e+01
3.763191153238546605e+01
3.763191153238546605e+01
3.763191153238546605e+01
3.763191153238546605e+01
3.763191153238546605e+01
3.763191153238546605e+01
3.763191153238546605e+01
3.763191153238546605e+01
3.763191153238546605e+01
3.763191153238546605e+01
3.763191153238546605e+01
3.763191153238546605e+01
3.763191153238546605e+01
3.763191153238546605e+01
