3.775197472353870864e+01
3.775197472353870864e+01
3.775197472353870864e+01
3.775197472353870864e+01
3.775197472353870864e+01
3.775197472353870864e+01
3.775197472353870864e+01
3.775197472353870864e+01
3.775197472353870864e+01
3.775197472353870864e+01
3.775197472353870864e+01
3.775197472353870864e+01
3.775197472353870864e+01
3.775197472353870864e+01
3.775197472353870864e+01
3.775197472353870864e+01
3.775197472353870864e+01
3.775197472353870864e+01
3.775197472353870864e+01
3.775197472353870864e+01
3.775197472353870864e+01
3.775197472353870864e+01
3.775197472353870864e+01
3.775197472353870864e+01
3.775197472353870864e+01
3.775197472353870864e+01
3.775197472353870864e+01
3.775197472353870864e+01
3.775197472353870864e+01
3.775197472353870864e+01
3.775197472353870864e+01
3.775197472353870864e+01
3.775197472353870864e+01
3.775197472353870864e+01
3.775197472353870864e+01
3.775197472353870864e+01
3.775197472353870864e+01
3.775197472353870864e+01
3.775197472353870864e+01
3.775197472353870864e+01
