3.745181674565560570e+01
3.745181674565560570e+01
3.745181674565560570e+01
3.745181674565560570e+01
3.745181674565560570e+01
3.745181674565560570e+01
3.745181674565560570e+01
3.745181674565560570e+01
3.745181674565560570e+01
3.745181674565560570e+01
3.745181674565560570e+01
3.745181674565560570e+01
3.745181674565560570e+01
3.745181674565560570e+01
3.745181674565560570e+01
3.745181674565560570e+01
3.745181674565560570e+01
3.745181674565560570e+01
3.745181674565560570e+01
3.745181674565560570e+01
3.745181674565560570e+01
3.745181674565560570e+01
3.745181674565560570e+01
3.745181674565560570e+01
3.745181674565560570e+01
3.745181674565560570e+01
3.745181674565560570e+01
3.745181674565560570e+01
3.745181674565560570e+01
3.745181674565560570e+01
3.745181674565560570e+01
3.745181674565560570e+01
3.745181674565560570e+01
3.745181674565560570e+01
3.745181674565560570e+01
3.745181674565560570e+01
3.745181674565560570e+01
3.745181674565560570e+01
3.745181674565560570e+01
3.745181674565560570e+01
