3.672985781990521303e+01
3.672985781990521303e+01
3.672985781990521303e+01
3.672985781990521303e+01
3.672985781990521303e+01
3.672985781990521303e+01
3.672985781990521303e+01
3.672985781990521303e+01
3.672985781990521303e+01
3.672985781990521303e+01
3.672985781990521303e+01
3.672985781990521303e+01
3.672985781990521303e+01
3.672985781990521303e+01
3.672985781990521303e+01
3.672985781990521303e+01
3.672985781990521303e+01
3.672985781990521303e+01
3.672985781990521303e+01
3.672985781990521303e+01
3.672985781990521303e+01
3.672985781990521303e+01
3.672985781990521303e+01
3.672985781990521303e+01
3.672985781990521303e+01
3.672985781990521303e+01
3.672985781990521303e+01
3.672985781990521303e+01
3.672985781990521303e+01
3.672985781990521303e+01
3.672985781990521303e+01
3.672985781990521303e+01
3.672985781990521303e+01
3.672985781990521303e+01
3.672985781990521303e+01
3.672985781990521303e+01
3.672985781990521303e+01
3.672985781990521303e+01
3.672985781990521303e+01
3.672985781990521303e+01
