3.684834123222749014e+01
3.684834123222749014e+01
3.684834123222749014e+01
3.684834123222749014e+01
3.684834123222749014e+01
3.684834123222749014e+01
3.684834123222749014e+01
3.684834123222749014e+01
3.684834123222749014e+01
3.684834123222749014e+01
3.684834123222749014e+01
3.684834123222749014e+01
3.684834123222749014e+01
3.684834123222749014e+01
3.684834123222749014e+01
3.684834123222749014e+01
3.684834123222749014e+01
3.684834123222749014e+01
3.684834123222749014e+01
3.684834123222749014e+01
3.684834123222749014e+01
3.684834123222749014e+01
3.684834123222749014e+01
3.684834123222749014e+01
3.684834123222749014e+01
3.684834123222749014e+01
3.684834123222749014e+01
3.684834123222749014e+01
3.684834123222749014e+01
3.684834123222749014e+01
3.684834123222749014e+01
3.684834123222749014e+01
3.684834123222749014e+01
3.684834123222749014e+01
3.684834123222749014e+01
3.684834123222749014e+01
3.684834123222749014e+01
3.684834123222749014e+01
3.684834123222749014e+01
3.684834123222749014e+01
