3.779778830963665115e+01
3.779778830963665115e+01
3.779778830963665115e+01
3.779778830963665115e+01
3.779778830963665115e+01
3.779778830963665115e+01
3.779778830963665115e+01
3.779778830963665115e+01
3.779778830963665115e+01
3.779778830963665115e+01
3.779778830963665115e+01
3.779778830963665115e+01
3.779778830963665115e+01
3.779778830963665115e+01
3.779778830963665115e+01
3.779778830963665115e+01
3.779778830963665115e+01
3.779778830963665115e+01
3.779778830963665115e+01
3.779778830963665115e+01
3.779778830963665115e+01
3.779778830963665115e+01
3.779778830963665115e+01
3.779778830963665115e+01
3.779778830963665115e+01
3.779778830963665115e+01
3.779778830963665115e+01
3.779778830963665115e+01
3.779778830963665115e+01
3.779778830963665115e+01
3.779778830963665115e+01
3.779778830963665115e+01
3.779778830963665115e+01
3.779778830963665115e+01
3.779778830963665115e+01
3.779778830963665115e+01
3.779778830963665115e+01
3.779778830963665115e+01
3.779778830963665115e+01
3.779778830963665115e+01
