3.792575039494471412e+01
3.792575039494471412e+01
3.792575039494471412e+01
3.792575039494471412e+01
3.792575039494471412e+01
3.792575039494471412e+01
3.792575039494471412e+01
3.792575039494471412e+01
3.792575039494471412e+01
3.792575039494471412e+01
3.792575039494471412e+01
3.792575039494471412e+01
3.792575039494471412e+01
3.792575039494471412e+01
3.792575039494471412e+01
3.792575039494471412e+01
3.792575039494471412e+01
3.792575039494471412e+01
3.792575039494471412e+01
3.792575039494471412e+01
3.792575039494471412e+01
3.792575039494471412e+01
3.792575039494471412e+01
3.792575039494471412e+01
3.792575039494471412e+01
3.792575039494471412e+01
3.792575039494471412e+01
3.792575039494471412e+01
3.792575039494471412e+01
3.792575039494471412e+01
3.792575039494471412e+01
3.792575039494471412e+01
3.792575039494471412e+01
3.792575039494471412e+01
3.792575039494471412e+01
3.792575039494471412e+01
3.792575039494471412e+01
3.792575039494471412e+01
3.792575039494471412e+01
3.792575039494471412e+01
