3.773617693522907501e+01
3.773617693522907501e+01
3.773617693522907501e+01
3.773617693522907501e+01
3.773617693522907501e+01
3.773617693522907501e+01
3.773617693522907501e+01
3.773617693522907501e+01
3.773617693522907501e+01
3.773617693522907501e+01
3.773617693522907501e+01
3.773617693522907501e+01
3.773617693522907501e+01
3.773617693522907501e+01
3.773617693522907501e+01
3.773617693522907501e+01
3.773617693522907501e+01
3.773617693522907501e+01
3.773617693522907501e+01
3.773617693522907501e+01
3.773617693522907501e+01
3.773617693522907501e+01
3.773617693522907501e+01
3.773617693522907501e+01
3.773617693522907501e+01
3.773617693522907501e+01
3.773617693522907501e+01
3.773617693522907501e+01
3.773617693522907501e+01
3.773617693522907501e+01
3.773617693522907501e+01
3.773617693522907501e+01
3.773617693522907501e+01
3.773617693522907501e+01
3.773617693522907501e+01
3.773617693522907501e+01
3.773617693522907501e+01
3.773617693522907501e+01
3.773617693522907501e+01
3.773617693522907501e+01
