3.784992101105844853e+01
3.784992101105844853e+01
3.784992101105844853e+01
3.784992101105844853e+01
3.784992101105844853e+01
3.784992101105844853e+01
3.784992101105844853e+01
3.784992101105844853e+01
3.784992101105844853e+01
3.784992101105844853e+01
3.784992101105844853e+01
3.784992101105844853e+01
3.784992101105844853e+01
3.784992101105844853e+01
3.784992101105844853e+01
3.784992101105844853e+01
3.784992101105844853e+01
3.784992101105844853e+01
3.784992101105844853e+01
3.784992101105844853e+01
3.784992101105844853e+01
3.784992101105844853e+01
3.784992101105844853e+01
3.784992101105844853e+01
3.784992101105844853e+01
3.784992101105844853e+01
3.784992101105844853e+01
3.784992101105844853e+01
3.784992101105844853e+01
3.784992101105844853e+01
3.784992101105844853e+01
3.784992101105844853e+01
3.784992101105844853e+01
3.784992101105844853e+01
3.784992101105844853e+01
3.784992101105844853e+01
3.784992101105844853e+01
3.784992101105844853e+01
3.784992101105844853e+01
3.784992101105844853e+01
