3.648657187993679685e+01
3.648657187993679685e+01
3.648657187993679685e+01
3.648657187993679685e+01
3.648657187993679685e+01
3.648657187993679685e+01
3.648657187993679685e+01
3.648657187993679685e+01
3.648657187993679685e+01
3.648657187993679685e+01
3.648657187993679685e+01
3.648657187993679685e+01
3.648657187993679685e+01
3.648657187993679685e+01
3.648657187993679685e+01
3.648657187993679685e+01
3.648657187993679685e+01
3.648657187993679685e+01
3.648657187993679685e+01
3.648657187993679685e+01
3.648657187993679685e+01
3.648657187993679685e+01
3.648657187993679685e+01
3.648657187993679685e+01
3.648657187993679685e+01
3.648657187993679685e+01
3.648657187993679685e+01
3.648657187993679685e+01
3.648657187993679685e+01
3.648657187993679685e+01
3.648657187993679685e+01
3.648657187993679685e+01
3.648657187993679685e+01
3.648657187993679685e+01
3.648657187993679685e+01
3.648657187993679685e+01
3.648657187993679685e+01
3.648657187993679685e+01
3.648657187993679685e+01
3.648657187993679685e+01
