3.649289099526066593e+01
3.649289099526066593e+01
3.649289099526066593e+01
3.649289099526066593e+01
3.649289099526066593e+01
3.649289099526066593e+01
3.649289099526066593e+01
3.649289099526066593e+01
3.649289099526066593e+01
3.649289099526066593e+01
3.649289099526066593e+01
3.649289099526066593e+01
3.649289099526066593e+01
3.649289099526066593e+01
3.649289099526066593e+01
3.649289099526066593e+01
3.649289099526066593e+01
3.649289099526066593e+01
3.649289099526066593e+01
3.649289099526066593e+01
3.649289099526066593e+01
3.649289099526066593e+01
3.649289099526066593e+01
3.649289099526066593e+01
3.649289099526066593e+01
3.649289099526066593e+01
3.649289099526066593e+01
3.649289099526066593e+01
3.649289099526066593e+01
3.649289099526066593e+01
3.649289099526066593e+01
3.649289099526066593e+01
3.649289099526066593e+01
3.649289099526066593e+01
3.649289099526066593e+01
3.649289099526066593e+01
3.649289099526066593e+01
3.649289099526066593e+01
3.649289099526066593e+01
3.649289099526066593e+01
