3.786571879936807505e+01
3.786571879936807505e+01
3.786571879936807505e+01
3.786571879936807505e+01
3.786571879936807505e+01
3.786571879936807505e+01
3.786571879936807505e+01
3.786571879936807505e+01
3.786571879936807505e+01
3.786571879936807505e+01
3.786571879936807505e+01
3.786571879936807505e+01
3.786571879936807505e+01
3.786571879936807505e+01
3.786571879936807505e+01
3.786571879936807505e+01
3.786571879936807505e+01
3.786571879936807505e+01
3.786571879936807505e+01
3.786571879936807505e+01
3.786571879936807505e+01
3.786571879936807505e+01
3.786571879936807505e+01
3.786571879936807505e+01
3.786571879936807505e+01
3.786571879936807505e+01
3.786571879936807505e+01
3.786571879936807505e+01
3.786571879936807505e+01
3.786571879936807505e+01
3.786571879936807505e+01
3.786571879936807505e+01
3.786571879936807505e+01
3.786571879936807505e+01
3.786571879936807505e+01
3.786571879936807505e+01
3.786571879936807505e+01
3.786571879936807505e+01
3.786571879936807505e+01
3.786571879936807505e+01
