3.783412322274882200e+01
3.783412322274882200e+01
3.783412322274882200e+01
3.783412322274882200e+01
3.783412322274882200e+01
3.783412322274882200e+01
3.783412322274882200e+01
3.783412322274882200e+01
3.783412322274882200e+01
3.783412322274882200e+01
3.783412322274882200e+01
3.783412322274882200e+01
3.783412322274882200e+01
3.783412322274882200e+01
3.783412322274882200e+01
3.783412322274882200e+01
3.783412322274882200e+01
3.783412322274882200e+01
3.783412322274882200e+01
3.783412322274882200e+01
3.783412322274882200e+01
3.783412322274882200e+01
3.783412322274882200e+01
3.783412322274882200e+01
3.783412322274882200e+01
3.783412322274882200e+01
3.783412322274882200e+01
3.783412322274882200e+01
3.783412322274882200e+01
3.783412322274882200e+01
3.783412322274882200e+01
3.783412322274882200e+01
3.783412322274882200e+01
3.783412322274882200e+01
3.783412322274882200e+01
3.783412322274882200e+01
3.783412322274882200e+01
3.783412322274882200e+01
3.783412322274882200e+01
3.783412322274882200e+01
