3.677883096366508653e+01
3.677883096366508653e+01
3.677883096366508653e+01
3.677883096366508653e+01
3.677883096366508653e+01
3.677883096366508653e+01
3.677883096366508653e+01
3.677883096366508653e+01
3.677883096366508653e+01
3.677883096366508653e+01
3.677883096366508653e+01
3.677883096366508653e+01
3.677883096366508653e+01
3.677883096366508653e+01
3.677883096366508653e+01
3.677883096366508653e+01
3.677883096366508653e+01
3.677883096366508653e+01
3.677883096366508653e+01
3.677883096366508653e+01
3.677883096366508653e+01
3.677883096366508653e+01
3.677883096366508653e+01
3.677883096366508653e+01
3.677883096366508653e+01
3.677883096366508653e+01
3.677883096366508653e+01
3.677883096366508653e+01
3.677883096366508653e+01
3.677883096366508653e+01
3.677883096366508653e+01
3.677883096366508653e+01
3.677883096366508653e+01
3.677883096366508653e+01
3.677883096366508653e+01
3.677883096366508653e+01
3.677883096366508653e+01
3.677883096366508653e+01
3.677883096366508653e+01
3.677883096366508653e+01
