3.656556082148498632e+01
3.656556082148498632e+01
3.656556082148498632e+01
3.656556082148498632e+01
3.656556082148498632e+01
3.656556082148498632e+01
3.656556082148498632e+01
3.656556082148498632e+01
3.656556082148498632e+01
3.656556082148498632e+01
3.656556082148498632e+01
3.656556082148498632e+01
3.656556082148498632e+01
3.656556082148498632e+01
3.656556082148498632e+01
3.656556082148498632e+01
3.656556082148498632e+01
3.656556082148498632e+01
3.656556082148498632e+01
3.656556082148498632e+01
3.656556082148498632e+01
3.656556082148498632e+01
3.656556082148498632e+01
3.656556082148498632e+01
3.656556082148498632e+01
3.656556082148498632e+01
3.656556082148498632e+01
3.656556082148498632e+01
3.656556082148498632e+01
3.656556082148498632e+01
3.656556082148498632e+01
3.656556082148498632e+01
3.656556082148498632e+01
3.656556082148498632e+01
3.656556082148498632e+01
3.656556082148498632e+01
3.656556082148498632e+01
-5.486139846470173278e+303
3.656556082148498632e+01
3.656556082148498632e+01
