3.780094786729858214e+01
3.780094786729858214e+01
3.780094786729858214e+01
3.780094786729858214e+01
3.780094786729858214e+01
3.780094786729858214e+01
3.780094786729858214e+01
3.780094786729858214e+01
3.780094786729858214e+01
3.780094786729858214e+01
3.780094786729858214e+01
3.780094786729858214e+01
3.780094786729858214e+01
3.780094786729858214e+01
3.780094786729858214e+01
3.780094786729858214e+01
3.780094786729858214e+01
3.780094786729858214e+01
3.780094786729858214e+01
3.780094786729858214e+01
3.780094786729858214e+01
3.780094786729858214e+01
3.780094786729858214e+01
3.780094786729858214e+01
3.780094786729858214e+01
3.780094786729858214e+01
3.780094786729858214e+01
3.780094786729858214e+01
3.780094786729858214e+01
3.780094786729858214e+01
3.780094786729858214e+01
3.780094786729858214e+01
3.780094786729858214e+01
3.780094786729858214e+01
3.780094786729858214e+01
3.780094786729858214e+01
3.780094786729858214e+01
3.780094786729858214e+01
3.780094786729858214e+01
3.780094786729858214e+01
