3.772827804107424043e+01
3.772827804107424043e+01
3.772827804107424043e+01
3.772827804107424043e+01
3.772827804107424043e+01
3.772827804107424043e+01
3.772827804107424043e+01
3.772827804107424043e+01
3.772827804107424043e+01
3.772827804107424043e+01
3.772827804107424043e+01
3.772827804107424043e+01
3.772827804107424043e+01
3.772827804107424043e+01
3.772827804107424043e+01
3.772827804107424043e+01
3.772827804107424043e+01
3.772827804107424043e+01
3.772827804107424043e+01
3.772827804107424043e+01
3.772827804107424043e+01
3.772827804107424043e+01
3.772827804107424043e+01
3.772827804107424043e+01
3.772827804107424043e+01
3.772827804107424043e+01
3.772827804107424043e+01
3.772827804107424043e+01
3.772827804107424043e+01
3.772827804107424043e+01
3.772827804107424043e+01
3.772827804107424043e+01
3.772827804107424043e+01
3.772827804107424043e+01
3.772827804107424043e+01
3.772827804107424043e+01
3.772827804107424043e+01
3.772827804107424043e+01
3.772827804107424043e+01
3.772827804107424043e+01
