3.663349131121641733e+01
3.663349131121641733e+01
3.663349131121641733e+01
3.663349131121641733e+01
3.663349131121641733e+01
3.663349131121641733e+01
3.663349131121641733e+01
3.663349131121641733e+01
3.663349131121641733e+01
3.663349131121641733e+01
3.663349131121641733e+01
3.663349131121641733e+01
3.663349131121641733e+01
3.663349131121641733e+01
3.663349131121641733e+01
3.663349131121641733e+01
3.663349131121641733e+01
3.663349131121641733e+01
3.663349131121641733e+01
3.663349131121641733e+01
3.663349131121641733e+01
3.663349131121641733e+01
3.663349131121641733e+01
3.663349131121641733e+01
3.663349131121641733e+01
3.663349131121641733e+01
3.663349131121641733e+01
3.663349131121641733e+01
3.663349131121641733e+01
3.663349131121641733e+01
3.663349131121641733e+01
3.663349131121641733e+01
3.663349131121641733e+01
3.663349131121641733e+01
3.663349131121641733e+01
3.663349131121641733e+01
3.663349131121641733e+01
3.663349131121641733e+01
3.663349131121641733e+01
3.663349131121641733e+01
