3.779146919431278917e+01
3.779146919431278917e+01
3.779146919431278917e+01
3.779146919431278917e+01
3.779146919431278917e+01
3.779146919431278917e+01
3.779146919431278917e+01
3.779146919431278917e+01
3.779146919431278917e+01
3.779146919431278917e+01
3.779146919431278917e+01
3.779146919431278917e+01
3.779146919431278917e+01
3.779146919431278917e+01
3.779146919431278917e+01
3.779146919431278917e+01
3.779146919431278917e+01
3.779146919431278917e+01
3.779146919431278917e+01
3.779146919431278917e+01
3.779146919431278917e+01
3.779146919431278917e+01
3.779146919431278917e+01
3.779146919431278917e+01
3.779146919431278917e+01
3.779146919431278917e+01
3.779146919431278917e+01
3.779146919431278917e+01
3.779146919431278917e+01
3.779146919431278917e+01
3.779146919431278917e+01
3.779146919431278917e+01
3.779146919431278917e+01
3.779146919431278917e+01
3.779146919431278917e+01
3.779146919431278917e+01
3.779146919431278917e+01
3.779146919431278917e+01
3.779146919431278917e+01
3.779146919431278917e+01
