3.784044233807266266e+01
3.784044233807266266e+01
3.784044233807266266e+01
3.784044233807266266e+01
3.784044233807266266e+01
3.784044233807266266e+01
3.784044233807266266e+01
3.784044233807266266e+01
3.784044233807266266e+01
3.784044233807266266e+01
3.784044233807266266e+01
3.784044233807266266e+01
3.784044233807266266e+01
3.784044233807266266e+01
3.784044233807266266e+01
3.784044233807266266e+01
3.784044233807266266e+01
3.784044233807266266e+01
3.784044233807266266e+01
3.784044233807266266e+01
3.784044233807266266e+01
3.784044233807266266e+01
3.784044233807266266e+01
3.784044233807266266e+01
3.784044233807266266e+01
3.784044233807266266e+01
3.784044233807266266e+01
3.784044233807266266e+01
3.784044233807266266e+01
3.784044233807266266e+01
3.784044233807266266e+01
3.784044233807266266e+01
3.784044233807266266e+01
3.784044233807266266e+01
3.784044233807266266e+01
3.784044233807266266e+01
3.784044233807266266e+01
3.784044233807266266e+01
3.784044233807266266e+01
3.784044233807266266e+01
