3.633491311216429409e+01
3.633491311216429409e+01
3.633491311216429409e+01
3.633491311216429409e+01
3.633491311216429409e+01
3.633491311216429409e+01
3.633491311216429409e+01
3.633491311216429409e+01
3.633491311216429409e+01
3.633491311216429409e+01
3.633491311216429409e+01
3.633491311216429409e+01
3.633491311216429409e+01
3.633491311216429409e+01
3.633491311216429409e+01
3.633491311216429409e+01
3.633491311216429409e+01
3.633491311216429409e+01
3.633491311216429409e+01
3.633491311216429409e+01
3.633491311216429409e+01
3.633491311216429409e+01
3.633491311216429409e+01
3.633491311216429409e+01
-5.833030274058187767e+303
3.633491311216429409e+01
3.633491311216429409e+01
3.633491311216429409e+01
3.633491311216429409e+01
3.633491311216429409e+01
3.633491311216429409e+01
3.633491311216429409e+01
3.633491311216429409e+01
3.633491311216429409e+01
3.633491311216429409e+01
3.633491311216429409e+01
3.633491311216429409e+01
3.633491311216429409e+01
3.633491311216429409e+01
3.633491311216429409e+01
