3.661137440758294304e+01
3.661137440758294304e+01
3.661137440758294304e+01
3.661137440758294304e+01
3.661137440758294304e+01
3.661137440758294304e+01
3.661137440758294304e+01
3.661137440758294304e+01
3.661137440758294304e+01
3.661137440758294304e+01
3.661137440758294304e+01
3.661137440758294304e+01
3.661137440758294304e+01
3.661137440758294304e+01
3.661137440758294304e+01
3.661137440758294304e+01
3.661137440758294304e+01
3.661137440758294304e+01
3.661137440758294304e+01
3.661137440758294304e+01
3.661137440758294304e+01
3.661137440758294304e+01
3.661137440758294304e+01
3.661137440758294304e+01
3.661137440758294304e+01
3.661137440758294304e+01
3.661137440758294304e+01
3.661137440758294304e+01
3.661137440758294304e+01
3.661137440758294304e+01
3.661137440758294304e+01
3.661137440758294304e+01
3.661137440758294304e+01
3.661137440758294304e+01
3.661137440758294304e+01
3.661137440758294304e+01
3.661137440758294304e+01
3.661137440758294304e+01
3.661137440758294304e+01
3.661137440758294304e+01
