3.684992101105844853e+01
3.684992101105844853e+01
3.684992101105844853e+01
3.684992101105844853e+01
3.684992101105844853e+01
3.684992101105844853e+01
3.684992101105844853e+01
3.684992101105844853e+01
3.684992101105844853e+01
3.684992101105844853e+01
3.684992101105844853e+01
3.684992101105844853e+01
3.684992101105844853e+01
3.684992101105844853e+01
3.684992101105844853e+01
3.684992101105844853e+01
3.684992101105844853e+01
3.684992101105844853e+01
3.684992101105844853e+01
3.684992101105844853e+01
3.684992101105844853e+01
3.684992101105844853e+01
3.684992101105844853e+01
3.684992101105844853e+01
3.684992101105844853e+01
3.684992101105844853e+01
3.684992101105844853e+01
3.684992101105844853e+01
3.684992101105844853e+01
3.684992101105844853e+01
3.684992101105844853e+01
3.684992101105844853e+01
3.684992101105844853e+01
3.684992101105844853e+01
3.684992101105844853e+01
3.684992101105844853e+01
3.684992101105844853e+01
3.684992101105844853e+01
3.684992101105844853e+01
3.684992101105844853e+01
