3.761453396524486692e+01
3.761453396524486692e+01
3.761453396524486692e+01
3.761453396524486692e+01
3.761453396524486692e+01
3.761453396524486692e+01
3.761453396524486692e+01
3.761453396524486692e+01
3.761453396524486692e+01
3.761453396524486692e+01
3.761453396524486692e+01
3.761453396524486692e+01
3.761453396524486692e+01
3.761453396524486692e+01
3.761453396524486692e+01
3.761453396524486692e+01
3.761453396524486692e+01
3.761453396524486692e+01
3.761453396524486692e+01
3.761453396524486692e+01
3.761453396524486692e+01
3.761453396524486692e+01
3.761453396524486692e+01
3.761453396524486692e+01
3.761453396524486692e+01
3.761453396524486692e+01
3.761453396524486692e+01
3.761453396524486692e+01
3.761453396524486692e+01
3.761453396524486692e+01
3.761453396524486692e+01
3.761453396524486692e+01
3.761453396524486692e+01
3.761453396524486692e+01
3.761453396524486692e+01
3.761453396524486692e+01
3.761453396524486692e+01
3.761453396524486692e+01
3.761453396524486692e+01
3.761453396524486692e+01
