3.780252764612953342e+01
3.780252764612953342e+01
3.780252764612953342e+01
3.780252764612953342e+01
3.780252764612953342e+01
3.780252764612953342e+01
3.780252764612953342e+01
3.780252764612953342e+01
3.780252764612953342e+01
3.780252764612953342e+01
3.780252764612953342e+01
3.780252764612953342e+01
3.780252764612953342e+01
3.780252764612953342e+01
3.780252764612953342e+01
3.780252764612953342e+01
3.780252764612953342e+01
3.780252764612953342e+01
3.780252764612953342e+01
3.780252764612953342e+01
3.780252764612953342e+01
3.780252764612953342e+01
3.780252764612953342e+01
3.780252764612953342e+01
3.780252764612953342e+01
3.780252764612953342e+01
3.780252764612953342e+01
3.780252764612953342e+01
3.780252764612953342e+01
3.780252764612953342e+01
3.780252764612953342e+01
3.780252764612953342e+01
3.780252764612953342e+01
3.780252764612953342e+01
3.780252764612953342e+01
3.780252764612953342e+01
3.780252764612953342e+01
3.780252764612953342e+01
3.780252764612953342e+01
3.780252764612953342e+01
