3.772353870458134395e+01
3.772353870458134395e+01
3.772353870458134395e+01
3.772353870458134395e+01
3.772353870458134395e+01
3.772353870458134395e+01
3.772353870458134395e+01
3.772353870458134395e+01
3.772353870458134395e+01
3.772353870458134395e+01
3.772353870458134395e+01
3.772353870458134395e+01
3.772353870458134395e+01
3.772353870458134395e+01
3.772353870458134395e+01
3.772353870458134395e+01
3.772353870458134395e+01
3.772353870458134395e+01
3.772353870458134395e+01
3.772353870458134395e+01
3.772353870458134395e+01
3.772353870458134395e+01
3.772353870458134395e+01
3.772353870458134395e+01
3.772353870458134395e+01
3.772353870458134395e+01
3.772353870458134395e+01
3.772353870458134395e+01
3.772353870458134395e+01
3.772353870458134395e+01
3.772353870458134395e+01
3.772353870458134395e+01
3.772353870458134395e+01
3.772353870458134395e+01
3.772353870458134395e+01
3.772353870458134395e+01
3.772353870458134395e+01
3.772353870458134395e+01
3.772353870458134395e+01
3.772353870458134395e+01
