3.767772511848341566e+01
3.767772511848341566e+01
3.767772511848341566e+01
3.767772511848341566e+01
3.767772511848341566e+01
3.767772511848341566e+01
3.767772511848341566e+01
3.767772511848341566e+01
3.767772511848341566e+01
3.767772511848341566e+01
3.767772511848341566e+01
3.767772511848341566e+01
3.767772511848341566e+01
3.767772511848341566e+01
3.767772511848341566e+01
3.767772511848341566e+01
3.767772511848341566e+01
3.767772511848341566e+01
3.767772511848341566e+01
3.767772511848341566e+01
3.767772511848341566e+01
3.767772511848341566e+01
3.767772511848341566e+01
3.767772511848341566e+01
3.767772511848341566e+01
3.767772511848341566e+01
3.767772511848341566e+01
3.767772511848341566e+01
3.767772511848341566e+01
3.767772511848341566e+01
3.767772511848341566e+01
3.767772511848341566e+01
3.767772511848341566e+01
3.767772511848341566e+01
3.767772511848341566e+01
3.767772511848341566e+01
3.767772511848341566e+01
3.767772511848341566e+01
3.767772511848341566e+01
3.767772511848341566e+01
