3.646287519747234995e+01
3.646287519747234995e+01
3.646287519747234995e+01
3.646287519747234995e+01
3.646287519747234995e+01
3.646287519747234995e+01
3.646287519747234995e+01
3.646287519747234995e+01
3.646287519747234995e+01
3.646287519747234995e+01
3.646287519747234995e+01
3.646287519747234995e+01
3.646287519747234995e+01
3.646287519747234995e+01
3.646287519747234995e+01
3.646287519747234995e+01
3.646287519747234995e+01
3.646287519747234995e+01
3.646287519747234995e+01
3.646287519747234995e+01
3.646287519747234995e+01
3.646287519747234995e+01
3.646287519747234995e+01
3.646287519747234995e+01
3.646287519747234995e+01
3.646287519747234995e+01
3.646287519747234995e+01
3.646287519747234995e+01
3.646287519747234995e+01
3.646287519747234995e+01
3.646287519747234995e+01
3.646287519747234995e+01
3.646287519747234995e+01
3.646287519747234995e+01
3.646287519747234995e+01
3.646287519747234995e+01
3.646287519747234995e+01
3.646287519747234995e+01
3.646287519747234995e+01
3.646287519747234995e+01
