3.650078988941547919e+01
3.650078988941547919e+01
3.650078988941547919e+01
3.650078988941547919e+01
3.650078988941547919e+01
3.650078988941547919e+01
3.650078988941547919e+01
3.650078988941547919e+01
3.650078988941547919e+01
3.650078988941547919e+01
3.650078988941547919e+01
3.650078988941547919e+01
3.650078988941547919e+01
3.650078988941547919e+01
3.650078988941547919e+01
3.650078988941547919e+01
3.650078988941547919e+01
3.650078988941547919e+01
3.650078988941547919e+01
3.650078988941547919e+01
3.650078988941547919e+01
3.650078988941547919e+01
3.650078988941547919e+01
3.650078988941547919e+01
3.650078988941547919e+01
3.650078988941547919e+01
3.650078988941547919e+01
3.650078988941547919e+01
3.650078988941547919e+01
3.650078988941547919e+01
3.650078988941547919e+01
3.650078988941547919e+01
3.650078988941547919e+01
3.650078988941547919e+01
3.650078988941547919e+01
3.650078988941547919e+01
3.650078988941547919e+01
3.650078988941547919e+01
3.650078988941547919e+01
3.650078988941547919e+01
