3.667456556082149177e+01
3.667456556082149177e+01
3.667456556082149177e+01
3.667456556082149177e+01
3.667456556082149177e+01
3.667456556082149177e+01
3.667456556082149177e+01
3.667456556082149177e+01
3.667456556082149177e+01
3.667456556082149177e+01
3.667456556082149177e+01
3.667456556082149177e+01
3.667456556082149177e+01
3.667456556082149177e+01
3.667456556082149177e+01
3.667456556082149177e+01
3.667456556082149177e+01
3.667456556082149177e+01
3.667456556082149177e+01
3.667456556082149177e+01
3.667456556082149177e+01
3.667456556082149177e+01
3.667456556082149177e+01
3.667456556082149177e+01
3.667456556082149177e+01
3.667456556082149177e+01
3.667456556082149177e+01
3.667456556082149177e+01
3.667456556082149177e+01
3.667456556082149177e+01
3.667456556082149177e+01
3.667456556082149177e+01
3.667456556082149177e+01
3.667456556082149177e+01
3.667456556082149177e+01
3.667456556082149177e+01
3.667456556082149177e+01
3.667456556082149177e+01
3.667456556082149177e+01
3.667456556082149177e+01
