3.767930489731438826e+01
3.767930489731438826e+01
3.767930489731438826e+01
3.767930489731438826e+01
3.767930489731438826e+01
3.767930489731438826e+01
3.767930489731438826e+01
3.767930489731438826e+01
3.767930489731438826e+01
3.767930489731438826e+01
3.767930489731438826e+01
3.767930489731438826e+01
3.767930489731438826e+01
3.767930489731438826e+01
3.767930489731438826e+01
3.767930489731438826e+01
3.767930489731438826e+01
3.767930489731438826e+01
3.767930489731438826e+01
3.767930489731438826e+01
3.767930489731438826e+01
3.767930489731438826e+01
3.767930489731438826e+01
3.767930489731438826e+01
3.767930489731438826e+01
3.767930489731438826e+01
3.767930489731438826e+01
3.767930489731438826e+01
3.767930489731438826e+01
3.767930489731438826e+01
3.767930489731438826e+01
3.767930489731438826e+01
3.767930489731438826e+01
3.767930489731438826e+01
3.767930489731438826e+01
3.767930489731438826e+01
3.767930489731438826e+01
3.767930489731438826e+01
3.767930489731438826e+01
3.767930489731438826e+01
