3.653712480252763584e+01
3.653712480252763584e+01
3.653712480252763584e+01
3.653712480252763584e+01
3.653712480252763584e+01
3.653712480252763584e+01
3.653712480252763584e+01
3.653712480252763584e+01
3.653712480252763584e+01
3.653712480252763584e+01
3.653712480252763584e+01
3.653712480252763584e+01
3.653712480252763584e+01
3.653712480252763584e+01
3.653712480252763584e+01
3.653712480252763584e+01
3.653712480252763584e+01
3.653712480252763584e+01
3.653712480252763584e+01
3.653712480252763584e+01
3.653712480252763584e+01
3.653712480252763584e+01
3.653712480252763584e+01
3.653712480252763584e+01
3.653712480252763584e+01
3.653712480252763584e+01
3.653712480252763584e+01
3.653712480252763584e+01
3.653712480252763584e+01
3.653712480252763584e+01
3.653712480252763584e+01
3.653712480252763584e+01
3.653712480252763584e+01
3.653712480252763584e+01
3.653712480252763584e+01
3.653712480252763584e+01
3.653712480252763584e+01
3.653712480252763584e+01
3.653712480252763584e+01
3.653712480252763584e+01
