3.765402843601894745e+01
3.765402843601894745e+01
3.765402843601894745e+01
3.765402843601894745e+01
3.765402843601894745e+01
3.765402843601894745e+01
3.765402843601894745e+01
3.765402843601894745e+01
3.765402843601894745e+01
3.765402843601894745e+01
3.765402843601894745e+01
3.765402843601894745e+01
3.765402843601894745e+01
3.765402843601894745e+01
3.765402843601894745e+01
3.765402843601894745e+01
3.765402843601894745e+01
3.765402843601894745e+01
3.765402843601894745e+01
3.765402843601894745e+01
3.765402843601894745e+01
3.765402843601894745e+01
3.765402843601894745e+01
3.765402843601894745e+01
3.765402843601894745e+01
3.765402843601894745e+01
3.765402843601894745e+01
3.765402843601894745e+01
3.765402843601894745e+01
3.765402843601894745e+01
3.765402843601894745e+01
3.765402843601894745e+01
3.765402843601894745e+01
3.765402843601894745e+01
3.765402843601894745e+01
3.765402843601894745e+01
3.765402843601894745e+01
3.765402843601894745e+01
3.765402843601894745e+01
3.765402843601894745e+01
