3.673775671406003340e+01
3.673775671406003340e+01
3.673775671406003340e+01
3.673775671406003340e+01
3.673775671406003340e+01
3.673775671406003340e+01
3.673775671406003340e+01
3.673775671406003340e+01
3.673775671406003340e+01
3.673775671406003340e+01
3.673775671406003340e+01
3.673775671406003340e+01
3.673775671406003340e+01
3.673775671406003340e+01
3.673775671406003340e+01
3.673775671406003340e+01
3.673775671406003340e+01
3.673775671406003340e+01
3.673775671406003340e+01
3.673775671406003340e+01
3.673775671406003340e+01
3.673775671406003340e+01
3.673775671406003340e+01
3.673775671406003340e+01
-7.550117523388107211e+303
3.673775671406003340e+01
3.673775671406003340e+01
3.673775671406003340e+01
3.673775671406003340e+01
3.673775671406003340e+01
3.673775671406003340e+01
3.673775671406003340e+01
3.673775671406003340e+01
3.673775671406003340e+01
3.673775671406003340e+01
3.673775671406003340e+01
3.673775671406003340e+01
3.673775671406003340e+01
3.673775671406003340e+01
3.673775671406003340e+01
