3.667140600315956078e+01
3.667140600315956078e+01
3.667140600315956078e+01
3.667140600315956078e+01
3.667140600315956078e+01
3.667140600315956078e+01
3.667140600315956078e+01
3.667140600315956078e+01
3.667140600315956078e+01
3.667140600315956078e+01
3.667140600315956078e+01
3.667140600315956078e+01
3.667140600315956078e+01
3.667140600315956078e+01
3.667140600315956078e+01
3.667140600315956078e+01
3.667140600315956078e+01
3.667140600315956078e+01
3.667140600315956078e+01
3.667140600315956078e+01
3.667140600315956078e+01
3.667140600315956078e+01
3.667140600315956078e+01
3.667140600315956078e+01
3.667140600315956078e+01
3.667140600315956078e+01
3.667140600315956078e+01
3.667140600315956078e+01
3.667140600315956078e+01
3.667140600315956078e+01
3.667140600315956078e+01
3.667140600315956078e+01
3.667140600315956078e+01
3.667140600315956078e+01
3.667140600315956078e+01
3.667140600315956078e+01
3.667140600315956078e+01
3.667140600315956078e+01
3.667140600315956078e+01
3.667140600315956078e+01
