3.683728278041073878e+01
3.683728278041073878e+01
3.683728278041073878e+01
3.683728278041073878e+01
3.683728278041073878e+01
3.683728278041073878e+01
3.683728278041073878e+01
3.683728278041073878e+01
3.683728278041073878e+01
3.683728278041073878e+01
3.683728278041073878e+01
3.683728278041073878e+01
3.683728278041073878e+01
3.683728278041073878e+01
3.683728278041073878e+01
3.683728278041073878e+01
3.683728278041073878e+01
3.683728278041073878e+01
3.683728278041073878e+01
3.683728278041073878e+01
3.683728278041073878e+01
3.683728278041073878e+01
3.683728278041073878e+01
3.683728278041073878e+01
3.683728278041073878e+01
3.683728278041073878e+01
3.683728278041073878e+01
3.683728278041073878e+01
3.683728278041073878e+01
3.683728278041073878e+01
3.683728278041073878e+01
3.683728278041073878e+01
3.683728278041073878e+01
3.683728278041073878e+01
3.683728278041073878e+01
3.683728278041073878e+01
3.683728278041073878e+01
3.683728278041073878e+01
3.683728278041073878e+01
3.683728278041073878e+01
