3.714533965244866209e+01
3.714533965244866209e+01
3.714533965244866209e+01
3.714533965244866209e+01
3.714533965244866209e+01
3.714533965244866209e+01
3.714533965244866209e+01
3.714533965244866209e+01
3.714533965244866209e+01
3.714533965244866209e+01
3.714533965244866209e+01
3.714533965244866209e+01
3.714533965244866209e+01
3.714533965244866209e+01
3.714533965244866209e+01
3.714533965244866209e+01
3.714533965244866209e+01
3.714533965244866209e+01
3.714533965244866209e+01
3.714533965244866209e+01
3.714533965244866209e+01
3.714533965244866209e+01
3.714533965244866209e+01
3.714533965244866209e+01
3.714533965244866209e+01
3.714533965244866209e+01
3.714533965244866209e+01
3.714533965244866209e+01
3.714533965244866209e+01
3.714533965244866209e+01
3.714533965244866209e+01
3.714533965244866209e+01
3.714533965244866209e+01
3.714533965244866209e+01
3.714533965244866209e+01
3.714533965244866209e+01
3.714533965244866209e+01
3.714533965244866209e+01
3.714533965244866209e+01
3.714533965244866209e+01
