3.778672985781990690e+01
3.778672985781990690e+01
3.778672985781990690e+01
3.778672985781990690e+01
3.778672985781990690e+01
3.778672985781990690e+01
3.778672985781990690e+01
3.778672985781990690e+01
3.778672985781990690e+01
3.778672985781990690e+01
3.778672985781990690e+01
3.778672985781990690e+01
3.778672985781990690e+01
3.778672985781990690e+01
3.778672985781990690e+01
3.778672985781990690e+01
3.778672985781990690e+01
3.778672985781990690e+01
3.778672985781990690e+01
3.778672985781990690e+01
3.778672985781990690e+01
3.778672985781990690e+01
3.778672985781990690e+01
3.778672985781990690e+01
3.778672985781990690e+01
3.778672985781990690e+01
3.778672985781990690e+01
3.778672985781990690e+01
3.778672985781990690e+01
3.778672985781990690e+01
3.778672985781990690e+01
3.778672985781990690e+01
3.778672985781990690e+01
3.778672985781990690e+01
3.778672985781990690e+01
3.778672985781990690e+01
3.778672985781990690e+01
3.778672985781990690e+01
3.778672985781990690e+01
3.778672985781990690e+01
