3.652922590837282968e+01
3.652922590837282968e+01
3.652922590837282968e+01
3.652922590837282968e+01
3.652922590837282968e+01
3.652922590837282968e+01
3.652922590837282968e+01
3.652922590837282968e+01
3.652922590837282968e+01
3.652922590837282968e+01
3.652922590837282968e+01
3.652922590837282968e+01
3.652922590837282968e+01
3.652922590837282968e+01
3.652922590837282968e+01
3.652922590837282968e+01
3.652922590837282968e+01
3.652922590837282968e+01
3.652922590837282968e+01
3.652922590837282968e+01
3.652922590837282968e+01
3.652922590837282968e+01
3.652922590837282968e+01
3.652922590837282968e+01
3.652922590837282968e+01
3.652922590837282968e+01
3.652922590837282968e+01
3.652922590837282968e+01
3.652922590837282968e+01
3.652922590837282968e+01
3.652922590837282968e+01
3.652922590837282968e+01
3.652922590837282968e+01
3.652922590837282968e+01
3.652922590837282968e+01
3.652922590837282968e+01
3.652922590837282968e+01
3.652922590837282968e+01
3.652922590837282968e+01
3.652922590837282968e+01
