3.779936808846761664e+01
3.779936808846761664e+01
3.779936808846761664e+01
3.779936808846761664e+01
3.779936808846761664e+01
3.779936808846761664e+01
3.779936808846761664e+01
3.779936808846761664e+01
3.779936808846761664e+01
3.779936808846761664e+01
3.779936808846761664e+01
3.779936808846761664e+01
3.779936808846761664e+01
3.779936808846761664e+01
3.779936808846761664e+01
3.779936808846761664e+01
3.779936808846761664e+01
3.779936808846761664e+01
3.779936808846761664e+01
3.779936808846761664e+01
3.779936808846761664e+01
3.779936808846761664e+01
3.779936808846761664e+01
3.779936808846761664e+01
3.779936808846761664e+01
3.779936808846761664e+01
3.779936808846761664e+01
3.779936808846761664e+01
3.779936808846761664e+01
3.779936808846761664e+01
3.779936808846761664e+01
3.779936808846761664e+01
3.779936808846761664e+01
3.779936808846761664e+01
3.779936808846761664e+01
3.779936808846761664e+01
3.779936808846761664e+01
3.779936808846761664e+01
3.779936808846761664e+01
3.779936808846761664e+01
