3.781674565560820866e+01
3.781674565560820866e+01
3.781674565560820866e+01
3.781674565560820866e+01
3.781674565560820866e+01
3.781674565560820866e+01
3.781674565560820866e+01
3.781674565560820866e+01
3.781674565560820866e+01
3.781674565560820866e+01
3.781674565560820866e+01
3.781674565560820866e+01
3.781674565560820866e+01
3.781674565560820866e+01
3.781674565560820866e+01
3.781674565560820866e+01
3.781674565560820866e+01
3.781674565560820866e+01
3.781674565560820866e+01
3.781674565560820866e+01
3.781674565560820866e+01
3.781674565560820866e+01
3.781674565560820866e+01
3.781674565560820866e+01
3.781674565560820866e+01
3.781674565560820866e+01
3.781674565560820866e+01
3.781674565560820866e+01
3.781674565560820866e+01
3.781674565560820866e+01
3.781674565560820866e+01
3.781674565560820866e+01
3.781674565560820866e+01
3.781674565560820866e+01
3.781674565560820866e+01
3.781674565560820866e+01
3.781674565560820866e+01
3.781674565560820866e+01
3.781674565560820866e+01
3.781674565560820866e+01
