3.669668246445498738e+01
3.669668246445498738e+01
3.669668246445498738e+01
3.669668246445498738e+01
3.669668246445498738e+01
3.669668246445498738e+01
3.669668246445498738e+01
3.669668246445498738e+01
3.669668246445498738e+01
3.669668246445498738e+01
3.669668246445498738e+01
3.669668246445498738e+01
3.669668246445498738e+01
3.669668246445498738e+01
3.669668246445498738e+01
3.669668246445498738e+01
3.669668246445498738e+01
3.669668246445498738e+01
3.669668246445498738e+01
3.669668246445498738e+01
3.669668246445498738e+01
3.669668246445498738e+01
3.669668246445498738e+01
3.669668246445498738e+01
3.669668246445498738e+01
3.669668246445498738e+01
3.669668246445498738e+01
3.669668246445498738e+01
3.669668246445498738e+01
3.669668246445498738e+01
3.669668246445498738e+01
3.669668246445498738e+01
3.669668246445498738e+01
3.669668246445498738e+01
3.669668246445498738e+01
3.669668246445498738e+01
3.669668246445498738e+01
3.669668246445498738e+01
3.669668246445498738e+01
3.669668246445498738e+01
