3.692101105845181053e+01
3.692101105845181053e+01
3.692101105845181053e+01
3.692101105845181053e+01
3.692101105845181053e+01
3.692101105845181053e+01
3.692101105845181053e+01
3.692101105845181053e+01
3.692101105845181053e+01
3.692101105845181053e+01
3.692101105845181053e+01
3.692101105845181053e+01
3.692101105845181053e+01
3.692101105845181053e+01
3.692101105845181053e+01
3.692101105845181053e+01
3.692101105845181053e+01
3.692101105845181053e+01
3.692101105845181053e+01
3.692101105845181053e+01
3.692101105845181053e+01
3.692101105845181053e+01
3.692101105845181053e+01
3.692101105845181053e+01
3.692101105845181053e+01
3.692101105845181053e+01
3.692101105845181053e+01
3.692101105845181053e+01
3.692101105845181053e+01
3.692101105845181053e+01
3.692101105845181053e+01
3.692101105845181053e+01
3.692101105845181053e+01
3.692101105845181053e+01
3.692101105845181053e+01
3.692101105845181053e+01
3.692101105845181053e+01
3.692101105845181053e+01
3.692101105845181053e+01
3.692101105845181053e+01
