3.776303317535545290e+01
3.776303317535545290e+01
3.776303317535545290e+01
3.776303317535545290e+01
3.776303317535545290e+01
3.776303317535545290e+01
3.776303317535545290e+01
3.776303317535545290e+01
3.776303317535545290e+01
3.776303317535545290e+01
3.776303317535545290e+01
3.776303317535545290e+01
3.776303317535545290e+01
3.776303317535545290e+01
3.776303317535545290e+01
3.776303317535545290e+01
3.776303317535545290e+01
3.776303317535545290e+01
3.776303317535545290e+01
3.776303317535545290e+01
3.776303317535545290e+01
3.776303317535545290e+01
3.776303317535545290e+01
3.776303317535545290e+01
3.776303317535545290e+01
3.776303317535545290e+01
3.776303317535545290e+01
3.776303317535545290e+01
3.776303317535545290e+01
3.776303317535545290e+01
3.776303317535545290e+01
3.776303317535545290e+01
3.776303317535545290e+01
3.776303317535545290e+01
3.776303317535545290e+01
3.776303317535545290e+01
3.776303317535545290e+01
3.776303317535545290e+01
3.776303317535545290e+01
3.776303317535545290e+01
