3.642969984202211720e+01
3.642969984202211720e+01
3.642969984202211720e+01
3.642969984202211720e+01
3.642969984202211720e+01
3.642969984202211720e+01
3.642969984202211720e+01
3.642969984202211720e+01
3.642969984202211720e+01
3.642969984202211720e+01
3.642969984202211720e+01
3.642969984202211720e+01
3.642969984202211720e+01
3.642969984202211720e+01
3.642969984202211720e+01
3.642969984202211720e+01
3.642969984202211720e+01
3.642969984202211720e+01
3.642969984202211720e+01
3.642969984202211720e+01
3.642969984202211720e+01
3.642969984202211720e+01
3.642969984202211720e+01
3.642969984202211720e+01
3.642969984202211720e+01
3.642969984202211720e+01
3.642969984202211720e+01
3.642969984202211720e+01
3.642969984202211720e+01
3.642969984202211720e+01
3.642969984202211720e+01
3.642969984202211720e+01
3.642969984202211720e+01
3.642969984202211720e+01
3.642969984202211720e+01
3.642969984202211720e+01
3.642969984202211720e+01
3.642969984202211720e+01
3.642969984202211720e+01
3.642969984202211720e+01
