3.764770932069510678e+01
3.764770932069510678e+01
3.764770932069510678e+01
3.764770932069510678e+01
3.764770932069510678e+01
3.764770932069510678e+01
3.764770932069510678e+01
3.764770932069510678e+01
3.764770932069510678e+01
3.764770932069510678e+01
3.764770932069510678e+01
3.764770932069510678e+01
3.764770932069510678e+01
3.764770932069510678e+01
3.764770932069510678e+01
3.764770932069510678e+01
3.764770932069510678e+01
3.764770932069510678e+01
3.764770932069510678e+01
3.764770932069510678e+01
3.764770932069510678e+01
3.764770932069510678e+01
3.764770932069510678e+01
3.764770932069510678e+01
3.764770932069510678e+01
3.764770932069510678e+01
3.764770932069510678e+01
3.764770932069510678e+01
3.764770932069510678e+01
3.764770932069510678e+01
3.764770932069510678e+01
3.764770932069510678e+01
3.764770932069510678e+01
3.764770932069510678e+01
3.764770932069510678e+01
3.764770932069510678e+01
3.764770932069510678e+01
3.764770932069510678e+01
3.764770932069510678e+01
3.764770932069510678e+01
