3.784834123222748303e+01
3.784834123222748303e+01
3.784834123222748303e+01
3.784834123222748303e+01
3.784834123222748303e+01
3.784834123222748303e+01
3.784834123222748303e+01
3.784834123222748303e+01
3.784834123222748303e+01
3.784834123222748303e+01
3.784834123222748303e+01
3.784834123222748303e+01
3.784834123222748303e+01
3.784834123222748303e+01
3.784834123222748303e+01
3.784834123222748303e+01
3.784834123222748303e+01
3.784834123222748303e+01
3.784834123222748303e+01
3.784834123222748303e+01
3.784834123222748303e+01
3.784834123222748303e+01
3.784834123222748303e+01
3.784834123222748303e+01
3.784834123222748303e+01
3.784834123222748303e+01
3.784834123222748303e+01
3.784834123222748303e+01
3.784834123222748303e+01
3.784834123222748303e+01
3.784834123222748303e+01
3.784834123222748303e+01
3.784834123222748303e+01
3.784834123222748303e+01
3.784834123222748303e+01
3.784834123222748303e+01
3.784834123222748303e+01
3.784834123222748303e+01
3.784834123222748303e+01
3.784834123222748303e+01
