3.657819905213270317e+01
3.657819905213270317e+01
3.657819905213270317e+01
3.657819905213270317e+01
3.657819905213270317e+01
3.657819905213270317e+01
3.657819905213270317e+01
3.657819905213270317e+01
3.657819905213270317e+01
3.657819905213270317e+01
3.657819905213270317e+01
3.657819905213270317e+01
3.657819905213270317e+01
3.657819905213270317e+01
3.657819905213270317e+01
3.657819905213270317e+01
3.657819905213270317e+01
3.657819905213270317e+01
3.657819905213270317e+01
3.657819905213270317e+01
3.657819905213270317e+01
3.657819905213270317e+01
3.657819905213270317e+01
3.657819905213270317e+01
3.657819905213270317e+01
3.657819905213270317e+01
3.657819905213270317e+01
3.657819905213270317e+01
3.657819905213270317e+01
3.657819905213270317e+01
3.657819905213270317e+01
3.657819905213270317e+01
3.657819905213270317e+01
3.657819905213270317e+01
3.657819905213270317e+01
3.657819905213270317e+01
3.657819905213270317e+01
3.657819905213270317e+01
3.657819905213270317e+01
3.657819905213270317e+01
