3.784834123222749724e+01
3.784834123222749724e+01
3.784834123222749724e+01
3.784834123222749724e+01
3.784834123222749724e+01
3.784834123222749724e+01
3.784834123222749724e+01
3.784834123222749724e+01
3.784834123222749724e+01
3.784834123222749724e+01
3.784834123222749724e+01
3.784834123222749724e+01
3.784834123222749724e+01
3.784834123222749724e+01
3.784834123222749724e+01
3.784834123222749724e+01
3.784834123222749724e+01
3.784834123222749724e+01
3.784834123222749724e+01
3.784834123222749724e+01
3.784834123222749724e+01
3.784834123222749724e+01
3.784834123222749724e+01
3.784834123222749724e+01
3.784834123222749724e+01
3.784834123222749724e+01
3.784834123222749724e+01
3.784834123222749724e+01
3.784834123222749724e+01
3.784834123222749724e+01
3.784834123222749724e+01
3.784834123222749724e+01
3.784834123222749724e+01
3.784834123222749724e+01
3.784834123222749724e+01
3.784834123222749724e+01
3.784834123222749724e+01
3.784834123222749724e+01
3.784834123222749724e+01
3.784834123222749724e+01
