3.668088467614533954e+01
3.668088467614533954e+01
3.668088467614533954e+01
3.668088467614533954e+01
3.668088467614533954e+01
3.668088467614533954e+01
3.668088467614533954e+01
3.668088467614533954e+01
3.668088467614533954e+01
3.668088467614533954e+01
3.668088467614533954e+01
3.668088467614533954e+01
3.668088467614533954e+01
3.668088467614533954e+01
3.668088467614533954e+01
3.668088467614533954e+01
3.668088467614533954e+01
3.668088467614533954e+01
3.668088467614533954e+01
3.668088467614533954e+01
3.668088467614533954e+01
3.668088467614533954e+01
3.668088467614533954e+01
3.668088467614533954e+01
3.668088467614533954e+01
3.668088467614533954e+01
3.668088467614533954e+01
3.668088467614533954e+01
3.668088467614533954e+01
3.668088467614533954e+01
3.668088467614533954e+01
3.668088467614533954e+01
3.668088467614533954e+01
3.668088467614533954e+01
3.668088467614533954e+01
3.668088467614533954e+01
3.668088467614533954e+01
3.668088467614533954e+01
-6.174578935966473333e+303
3.668088467614533954e+01
