3.679936808846761664e+01
3.679936808846761664e+01
3.679936808846761664e+01
3.679936808846761664e+01
3.679936808846761664e+01
3.679936808846761664e+01
3.679936808846761664e+01
3.679936808846761664e+01
3.679936808846761664e+01
3.679936808846761664e+01
3.679936808846761664e+01
3.679936808846761664e+01
3.679936808846761664e+01
3.679936808846761664e+01
3.679936808846761664e+01
3.679936808846761664e+01
3.679936808846761664e+01
3.679936808846761664e+01
3.679936808846761664e+01
3.679936808846761664e+01
3.679936808846761664e+01
3.679936808846761664e+01
3.679936808846761664e+01
3.679936808846761664e+01
3.679936808846761664e+01
3.679936808846761664e+01
3.679936808846761664e+01
3.679936808846761664e+01
3.679936808846761664e+01
3.679936808846761664e+01
3.679936808846761664e+01
3.679936808846761664e+01
3.679936808846761664e+01
3.679936808846761664e+01
3.679936808846761664e+01
3.679936808846761664e+01
3.679936808846761664e+01
3.679936808846761664e+01
3.679936808846761664e+01
3.679936808846761664e+01
