3.763349131121643154e+01
3.763349131121643154e+01
3.763349131121643154e+01
3.763349131121643154e+01
3.763349131121643154e+01
3.763349131121643154e+01
3.763349131121643154e+01
3.763349131121643154e+01
3.763349131121643154e+01
3.763349131121643154e+01
3.763349131121643154e+01
3.763349131121643154e+01
3.763349131121643154e+01
3.763349131121643154e+01
3.763349131121643154e+01
3.763349131121643154e+01
3.763349131121643154e+01
3.763349131121643154e+01
3.763349131121643154e+01
3.763349131121643154e+01
3.763349131121643154e+01
3.763349131121643154e+01
3.763349131121643154e+01
3.763349131121643154e+01
3.763349131121643154e+01
3.763349131121643154e+01
3.763349131121643154e+01
3.763349131121643154e+01
3.763349131121643154e+01
3.763349131121643154e+01
3.763349131121643154e+01
3.763349131121643154e+01
3.763349131121643154e+01
3.763349131121643154e+01
3.763349131121643154e+01
3.763349131121643154e+01
3.763349131121643154e+01
3.763349131121643154e+01
3.763349131121643154e+01
3.763349131121643154e+01
