3.788467614533964678e+01
3.788467614533964678e+01
3.788467614533964678e+01
3.788467614533964678e+01
3.788467614533964678e+01
3.788467614533964678e+01
3.788467614533964678e+01
3.788467614533964678e+01
3.788467614533964678e+01
3.788467614533964678e+01
3.788467614533964678e+01
3.788467614533964678e+01
3.788467614533964678e+01
3.788467614533964678e+01
3.788467614533964678e+01
3.788467614533964678e+01
3.788467614533964678e+01
3.788467614533964678e+01
3.788467614533964678e+01
3.788467614533964678e+01
3.788467614533964678e+01
3.788467614533964678e+01
3.788467614533964678e+01
3.788467614533964678e+01
3.788467614533964678e+01
3.788467614533964678e+01
3.788467614533964678e+01
3.788467614533964678e+01
3.788467614533964678e+01
3.788467614533964678e+01
3.788467614533964678e+01
3.788467614533964678e+01
3.788467614533964678e+01
3.788467614533964678e+01
3.788467614533964678e+01
3.788467614533964678e+01
3.788467614533964678e+01
3.788467614533964678e+01
3.788467614533964678e+01
3.788467614533964678e+01
