3.779304897314376177e+01
3.779304897314376177e+01
3.779304897314376177e+01
3.779304897314376177e+01
3.779304897314376177e+01
3.779304897314376177e+01
3.779304897314376177e+01
3.779304897314376177e+01
3.779304897314376177e+01
3.779304897314376177e+01
3.779304897314376177e+01
3.779304897314376177e+01
3.779304897314376177e+01
3.779304897314376177e+01
3.779304897314376177e+01
3.779304897314376177e+01
3.779304897314376177e+01
3.779304897314376177e+01
3.779304897314376177e+01
3.779304897314376177e+01
3.779304897314376177e+01
3.779304897314376177e+01
3.779304897314376177e+01
3.779304897314376177e+01
3.779304897314376177e+01
3.779304897314376177e+01
3.779304897314376177e+01
3.779304897314376177e+01
3.779304897314376177e+01
3.779304897314376177e+01
3.779304897314376177e+01
3.779304897314376177e+01
3.779304897314376177e+01
3.779304897314376177e+01
3.779304897314376177e+01
3.779304897314376177e+01
3.779304897314376177e+01
3.779304897314376177e+01
3.779304897314376177e+01
3.779304897314376177e+01
