3.659083728278041292e+01
3.659083728278041292e+01
3.659083728278041292e+01
3.659083728278041292e+01
3.659083728278041292e+01
3.659083728278041292e+01
3.659083728278041292e+01
3.659083728278041292e+01
3.659083728278041292e+01
3.659083728278041292e+01
3.659083728278041292e+01
3.659083728278041292e+01
3.659083728278041292e+01
3.659083728278041292e+01
3.659083728278041292e+01
3.659083728278041292e+01
3.659083728278041292e+01
3.659083728278041292e+01
3.659083728278041292e+01
3.659083728278041292e+01
3.659083728278041292e+01
3.659083728278041292e+01
3.659083728278041292e+01
3.659083728278041292e+01
3.659083728278041292e+01
3.659083728278041292e+01
3.659083728278041292e+01
3.659083728278041292e+01
3.659083728278041292e+01
3.659083728278041292e+01
3.659083728278041292e+01
3.659083728278041292e+01
3.659083728278041292e+01
3.659083728278041292e+01
3.659083728278041292e+01
3.659083728278041292e+01
3.659083728278041292e+01
3.659083728278041292e+01
3.659083728278041292e+01
3.659083728278041292e+01
