3.778515007898896272e+01
3.778515007898896272e+01
3.778515007898896272e+01
3.778515007898896272e+01
3.778515007898896272e+01
3.778515007898896272e+01
3.778515007898896272e+01
3.778515007898896272e+01
3.778515007898896272e+01
3.778515007898896272e+01
3.778515007898896272e+01
3.778515007898896272e+01
3.778515007898896272e+01
3.778515007898896272e+01
3.778515007898896272e+01
3.778515007898896272e+01
3.778515007898896272e+01
3.778515007898896272e+01
3.778515007898896272e+01
3.778515007898896272e+01
3.778515007898896272e+01
3.778515007898896272e+01
3.778515007898896272e+01
3.778515007898896272e+01
3.778515007898896272e+01
3.778515007898896272e+01
3.778515007898896272e+01
3.778515007898896272e+01
3.778515007898896272e+01
3.778515007898896272e+01
3.778515007898896272e+01
3.778515007898896272e+01
3.778515007898896272e+01
3.778515007898896272e+01
3.778515007898896272e+01
3.778515007898896272e+01
3.778515007898896272e+01
3.778515007898896272e+01
3.778515007898896272e+01
3.778515007898896272e+01
