3.674407582938388828e+01
3.674407582938388828e+01
3.674407582938388828e+01
3.674407582938388828e+01
3.674407582938388828e+01
3.674407582938388828e+01
3.674407582938388828e+01
3.674407582938388828e+01
3.674407582938388828e+01
3.674407582938388828e+01
3.674407582938388828e+01
3.674407582938388828e+01
3.674407582938388828e+01
3.674407582938388828e+01
3.674407582938388828e+01
3.674407582938388828e+01
3.674407582938388828e+01
3.674407582938388828e+01
3.674407582938388828e+01
3.674407582938388828e+01
3.674407582938388828e+01
3.674407582938388828e+01
3.674407582938388828e+01
3.674407582938388828e+01
3.674407582938388828e+01
3.674407582938388828e+01
3.674407582938388828e+01
3.674407582938388828e+01
3.674407582938388828e+01
3.674407582938388828e+01
3.674407582938388828e+01
3.674407582938388828e+01
3.674407582938388828e+01
3.674407582938388828e+01
3.674407582938388828e+01
3.674407582938388828e+01
3.674407582938388828e+01
3.674407582938388828e+01
3.674407582938388828e+01
3.674407582938388828e+01
