3.780726698262243701e+01
3.780726698262243701e+01
3.780726698262243701e+01
3.780726698262243701e+01
3.780726698262243701e+01
3.780726698262243701e+01
3.780726698262243701e+01
3.780726698262243701e+01
3.780726698262243701e+01
3.780726698262243701e+01
3.780726698262243701e+01
3.780726698262243701e+01
3.780726698262243701e+01
3.780726698262243701e+01
3.780726698262243701e+01
3.780726698262243701e+01
3.780726698262243701e+01
3.780726698262243701e+01
3.780726698262243701e+01
3.780726698262243701e+01
3.780726698262243701e+01
3.780726698262243701e+01
3.780726698262243701e+01
3.780726698262243701e+01
3.780726698262243701e+01
3.780726698262243701e+01
3.780726698262243701e+01
3.780726698262243701e+01
3.780726698262243701e+01
3.780726698262243701e+01
3.780726698262243701e+01
3.780726698262243701e+01
3.780726698262243701e+01
3.780726698262243701e+01
3.780726698262243701e+01
3.780726698262243701e+01
3.780726698262243701e+01
3.780726698262243701e+01
3.780726698262243701e+01
3.780726698262243701e+01
