3.656398104265403504e+01
3.656398104265403504e+01
3.656398104265403504e+01
3.656398104265403504e+01
3.656398104265403504e+01
3.656398104265403504e+01
3.656398104265403504e+01
3.656398104265403504e+01
3.656398104265403504e+01
3.656398104265403504e+01
3.656398104265403504e+01
3.656398104265403504e+01
3.656398104265403504e+01
3.656398104265403504e+01
3.656398104265403504e+01
3.656398104265403504e+01
3.656398104265403504e+01
3.656398104265403504e+01
3.656398104265403504e+01
3.656398104265403504e+01
3.656398104265403504e+01
3.656398104265403504e+01
3.656398104265403504e+01
3.656398104265403504e+01
3.656398104265403504e+01
3.656398104265403504e+01
3.656398104265403504e+01
3.656398104265403504e+01
3.656398104265403504e+01
3.656398104265403504e+01
3.656398104265403504e+01
3.656398104265403504e+01
3.656398104265403504e+01
3.656398104265403504e+01
3.656398104265403504e+01
3.656398104265403504e+01
3.656398104265403504e+01
3.656398104265403504e+01
3.656398104265403504e+01
3.656398104265403504e+01
