3.776619273301736968e+01
3.776619273301736968e+01
3.776619273301736968e+01
3.776619273301736968e+01
3.776619273301736968e+01
3.776619273301736968e+01
3.776619273301736968e+01
3.776619273301736968e+01
3.776619273301736968e+01
3.776619273301736968e+01
3.776619273301736968e+01
3.776619273301736968e+01
3.776619273301736968e+01
3.776619273301736968e+01
3.776619273301736968e+01
3.776619273301736968e+01
3.776619273301736968e+01
3.776619273301736968e+01
3.776619273301736968e+01
3.776619273301736968e+01
3.776619273301736968e+01
3.776619273301736968e+01
3.776619273301736968e+01
3.776619273301736968e+01
3.776619273301736968e+01
3.776619273301736968e+01
3.776619273301736968e+01
3.776619273301736968e+01
3.776619273301736968e+01
3.776619273301736968e+01
3.776619273301736968e+01
3.776619273301736968e+01
3.776619273301736968e+01
3.776619273301736968e+01
3.776619273301736968e+01
3.776619273301736968e+01
3.776619273301736968e+01
3.776619273301736968e+01
3.776619273301736968e+01
3.776619273301736968e+01
