3.780884676145340251e+01
3.780884676145340251e+01
3.780884676145340251e+01
3.780884676145340251e+01
3.780884676145340251e+01
3.780884676145340251e+01
3.780884676145340251e+01
3.780884676145340251e+01
3.780884676145340251e+01
3.780884676145340251e+01
3.780884676145340251e+01
3.780884676145340251e+01
3.780884676145340251e+01
3.780884676145340251e+01
3.780884676145340251e+01
3.780884676145340251e+01
3.780884676145340251e+01
3.780884676145340251e+01
3.780884676145340251e+01
3.780884676145340251e+01
3.780884676145340251e+01
3.780884676145340251e+01
3.780884676145340251e+01
3.780884676145340251e+01
3.780884676145340251e+01
3.780884676145340251e+01
3.780884676145340251e+01
3.780884676145340251e+01
3.780884676145340251e+01
3.780884676145340251e+01
3.780884676145340251e+01
3.780884676145340251e+01
3.780884676145340251e+01
3.780884676145340251e+01
3.780884676145340251e+01
3.780884676145340251e+01
3.780884676145340251e+01
3.780884676145340251e+01
3.780884676145340251e+01
3.780884676145340251e+01
