3.650868878357029246e+01
3.650868878357029246e+01
3.650868878357029246e+01
3.650868878357029246e+01
3.650868878357029246e+01
3.650868878357029246e+01
3.650868878357029246e+01
3.650868878357029246e+01
3.650868878357029246e+01
3.650868878357029246e+01
3.650868878357029246e+01
3.650868878357029246e+01
3.650868878357029246e+01
3.650868878357029246e+01
3.650868878357029246e+01
3.650868878357029246e+01
3.650868878357029246e+01
3.650868878357029246e+01
3.650868878357029246e+01
3.650868878357029246e+01
3.650868878357029246e+01
3.650868878357029246e+01
3.650868878357029246e+01
3.650868878357029246e+01
3.650868878357029246e+01
3.650868878357029246e+01
3.650868878357029246e+01
3.650868878357029246e+01
3.650868878357029246e+01
3.650868878357029246e+01
3.650868878357029246e+01
3.650868878357029246e+01
3.650868878357029246e+01
3.650868878357029246e+01
3.650868878357029246e+01
3.650868878357029246e+01
3.650868878357029246e+01
3.650868878357029246e+01
3.650868878357029246e+01
3.650868878357029246e+01
