3.778357030015798301e+01
3.778357030015798301e+01
3.778357030015798301e+01
3.778357030015798301e+01
3.778357030015798301e+01
3.778357030015798301e+01
3.778357030015798301e+01
3.778357030015798301e+01
3.778357030015798301e+01
3.778357030015798301e+01
3.778357030015798301e+01
3.778357030015798301e+01
3.778357030015798301e+01
3.778357030015798301e+01
3.778357030015798301e+01
3.778357030015798301e+01
3.778357030015798301e+01
3.778357030015798301e+01
3.778357030015798301e+01
3.778357030015798301e+01
3.778357030015798301e+01
3.778357030015798301e+01
3.778357030015798301e+01
3.778357030015798301e+01
3.778357030015798301e+01
3.778357030015798301e+01
3.778357030015798301e+01
3.778357030015798301e+01
3.778357030015798301e+01
3.778357030015798301e+01
3.778357030015798301e+01
3.778357030015798301e+01
3.778357030015798301e+01
3.778357030015798301e+01
3.778357030015798301e+01
3.778357030015798301e+01
3.778357030015798301e+01
3.778357030015798301e+01
3.778357030015798301e+01
3.778357030015798301e+01
