3.772353870458135816e+01
3.772353870458135816e+01
3.772353870458135816e+01
3.772353870458135816e+01
3.772353870458135816e+01
3.772353870458135816e+01
3.772353870458135816e+01
3.772353870458135816e+01
3.772353870458135816e+01
3.772353870458135816e+01
3.772353870458135816e+01
3.772353870458135816e+01
3.772353870458135816e+01
3.772353870458135816e+01
3.772353870458135816e+01
3.772353870458135816e+01
3.772353870458135816e+01
3.772353870458135816e+01
3.772353870458135816e+01
3.772353870458135816e+01
3.772353870458135816e+01
3.772353870458135816e+01
3.772353870458135816e+01
3.772353870458135816e+01
3.772353870458135816e+01
3.772353870458135816e+01
3.772353870458135816e+01
3.772353870458135816e+01
3.772353870458135816e+01
3.772353870458135816e+01
3.772353870458135816e+01
3.772353870458135816e+01
3.772353870458135816e+01
3.772353870458135816e+01
3.772353870458135816e+01
3.772353870458135816e+01
3.772353870458135816e+01
3.772353870458135816e+01
3.772353870458135816e+01
3.772353870458135816e+01
