3.756398104265403504e+01
3.756398104265403504e+01
3.756398104265403504e+01
3.756398104265403504e+01
3.756398104265403504e+01
3.756398104265403504e+01
3.756398104265403504e+01
3.756398104265403504e+01
3.756398104265403504e+01
3.756398104265403504e+01
3.756398104265403504e+01
3.756398104265403504e+01
3.756398104265403504e+01
3.756398104265403504e+01
3.756398104265403504e+01
3.756398104265403504e+01
3.756398104265403504e+01
3.756398104265403504e+01
3.756398104265403504e+01
3.756398104265403504e+01
3.756398104265403504e+01
3.756398104265403504e+01
3.756398104265403504e+01
3.756398104265403504e+01
3.756398104265403504e+01
3.756398104265403504e+01
3.756398104265403504e+01
3.756398104265403504e+01
3.756398104265403504e+01
3.756398104265403504e+01
3.756398104265403504e+01
3.756398104265403504e+01
3.756398104265403504e+01
3.756398104265403504e+01
3.756398104265403504e+01
3.756398104265403504e+01
3.756398104265403504e+01
3.756398104265403504e+01
3.756398104265403504e+01
3.756398104265403504e+01
