3.797630331753553889e+01
3.797630331753553889e+01
3.797630331753553889e+01
3.797630331753553889e+01
3.797630331753553889e+01
3.797630331753553889e+01
3.797630331753553889e+01
3.797630331753553889e+01
3.797630331753553889e+01
3.797630331753553889e+01
3.797630331753553889e+01
3.797630331753553889e+01
3.797630331753553889e+01
3.797630331753553889e+01
3.797630331753553889e+01
3.797630331753553889e+01
3.797630331753553889e+01
3.797630331753553889e+01
3.797630331753553889e+01
3.797630331753553889e+01
3.797630331753553889e+01
3.797630331753553889e+01
3.797630331753553889e+01
3.797630331753553889e+01
3.797630331753553889e+01
3.797630331753553889e+01
3.797630331753553889e+01
3.797630331753553889e+01
3.797630331753553889e+01
3.797630331753553889e+01
3.797630331753553889e+01
3.797630331753553889e+01
3.797630331753553889e+01
3.797630331753553889e+01
3.797630331753553889e+01
3.797630331753553889e+01
3.797630331753553889e+01
3.797630331753553889e+01
3.797630331753553889e+01
3.797630331753553889e+01
