3.790363349131121140e+01
3.790363349131121140e+01
3.790363349131121140e+01
3.790363349131121140e+01
3.790363349131121140e+01
3.790363349131121140e+01
3.790363349131121140e+01
3.790363349131121140e+01
3.790363349131121140e+01
3.790363349131121140e+01
3.790363349131121140e+01
3.790363349131121140e+01
3.790363349131121140e+01
3.790363349131121140e+01
3.790363349131121140e+01
3.790363349131121140e+01
3.790363349131121140e+01
3.790363349131121140e+01
3.790363349131121140e+01
3.790363349131121140e+01
3.790363349131121140e+01
3.790363349131121140e+01
3.790363349131121140e+01
3.790363349131121140e+01
3.790363349131121140e+01
3.790363349131121140e+01
3.790363349131121140e+01
3.790363349131121140e+01
3.790363349131121140e+01
3.790363349131121140e+01
3.790363349131121140e+01
3.790363349131121140e+01
3.790363349131121140e+01
3.790363349131121140e+01
3.790363349131121140e+01
3.790363349131121140e+01
3.790363349131121140e+01
3.790363349131121140e+01
3.790363349131121140e+01
3.790363349131121140e+01
