3.786255924170615828e+01
3.786255924170615828e+01
3.786255924170615828e+01
3.786255924170615828e+01
3.786255924170615828e+01
3.786255924170615828e+01
3.786255924170615828e+01
3.786255924170615828e+01
3.786255924170615828e+01
3.786255924170615828e+01
3.786255924170615828e+01
3.786255924170615828e+01
3.786255924170615828e+01
3.786255924170615828e+01
3.786255924170615828e+01
3.786255924170615828e+01
3.786255924170615828e+01
3.786255924170615828e+01
3.786255924170615828e+01
3.786255924170615828e+01
3.786255924170615828e+01
3.786255924170615828e+01
3.786255924170615828e+01
3.786255924170615828e+01
3.786255924170615828e+01
3.786255924170615828e+01
3.786255924170615828e+01
3.786255924170615828e+01
3.786255924170615828e+01
3.786255924170615828e+01
3.786255924170615828e+01
3.786255924170615828e+01
3.786255924170615828e+01
3.786255924170615828e+01
3.786255924170615828e+01
3.786255924170615828e+01
3.786255924170615828e+01
3.786255924170615828e+01
3.786255924170615828e+01
3.786255924170615828e+01
