3.785308056872038662e+01
3.785308056872038662e+01
3.785308056872038662e+01
3.785308056872038662e+01
3.785308056872038662e+01
3.785308056872038662e+01
3.785308056872038662e+01
3.785308056872038662e+01
3.785308056872038662e+01
3.785308056872038662e+01
3.785308056872038662e+01
3.785308056872038662e+01
3.785308056872038662e+01
3.785308056872038662e+01
3.785308056872038662e+01
3.785308056872038662e+01
3.785308056872038662e+01
3.785308056872038662e+01
3.785308056872038662e+01
3.785308056872038662e+01
3.785308056872038662e+01
3.785308056872038662e+01
3.785308056872038662e+01
3.785308056872038662e+01
3.785308056872038662e+01
3.785308056872038662e+01
3.785308056872038662e+01
3.785308056872038662e+01
3.785308056872038662e+01
3.785308056872038662e+01
3.785308056872038662e+01
3.785308056872038662e+01
3.785308056872038662e+01
3.785308056872038662e+01
3.785308056872038662e+01
3.785308056872038662e+01
3.785308056872038662e+01
3.785308056872038662e+01
3.785308056872038662e+01
3.785308056872038662e+01
