7.567140600315958920e+01
7.567140600315958920e+01
7.567140600315958920e+01
7.567140600315958920e+01
7.567140600315958920e+01
7.567140600315958920e+01
7.567140600315958920e+01
7.567140600315958920e+01
7.567140600315958920e+01
7.567140600315958920e+01
7.567140600315958920e+01
7.567140600315958920e+01
7.567140600315958920e+01
7.567140600315958920e+01
7.567140600315958920e+01
7.567140600315958920e+01
7.567140600315958920e+01
7.567140600315958920e+01
7.567140600315958920e+01
7.567140600315958920e+01
7.567140600315958920e+01
7.567140600315958920e+01
7.567140600315958920e+01
7.567140600315958920e+01
7.567140600315958920e+01
7.567140600315958920e+01
7.567140600315958920e+01
7.567140600315958920e+01
7.567140600315958920e+01
7.567140600315958920e+01
7.567140600315958920e+01
7.567140600315958920e+01
7.567140600315958920e+01
7.567140600315958920e+01
7.567140600315958920e+01
7.567140600315958920e+01
7.567140600315958920e+01
7.567140600315958920e+01
7.567140600315958920e+01
7.567140600315958920e+01
