3.767456556082147756e+01
3.767456556082147756e+01
3.767456556082147756e+01
3.767456556082147756e+01
3.767456556082147756e+01
3.767456556082147756e+01
3.767456556082147756e+01
3.767456556082147756e+01
3.767456556082147756e+01
3.767456556082147756e+01
3.767456556082147756e+01
3.767456556082147756e+01
3.767456556082147756e+01
3.767456556082147756e+01
3.767456556082147756e+01
3.767456556082147756e+01
3.767456556082147756e+01
3.767456556082147756e+01
3.767456556082147756e+01
3.767456556082147756e+01
3.767456556082147756e+01
3.767456556082147756e+01
3.767456556082147756e+01
3.767456556082147756e+01
3.767456556082147756e+01
3.767456556082147756e+01
3.767456556082147756e+01
3.767456556082147756e+01
3.767456556082147756e+01
3.767456556082147756e+01
3.767456556082147756e+01
3.767456556082147756e+01
3.767456556082147756e+01
3.767456556082147756e+01
3.767456556082147756e+01
3.767456556082147756e+01
3.767456556082147756e+01
3.767456556082147756e+01
3.767456556082147756e+01
3.767456556082147756e+01
