3.785624012638230340e+01
3.785624012638230340e+01
3.785624012638230340e+01
3.785624012638230340e+01
3.785624012638230340e+01
3.785624012638230340e+01
3.785624012638230340e+01
3.785624012638230340e+01
3.785624012638230340e+01
3.785624012638230340e+01
3.785624012638230340e+01
3.785624012638230340e+01
3.785624012638230340e+01
3.785624012638230340e+01
3.785624012638230340e+01
3.785624012638230340e+01
3.785624012638230340e+01
3.785624012638230340e+01
3.785624012638230340e+01
3.785624012638230340e+01
3.785624012638230340e+01
3.785624012638230340e+01
3.785624012638230340e+01
3.785624012638230340e+01
3.785624012638230340e+01
3.785624012638230340e+01
3.785624012638230340e+01
3.785624012638230340e+01
3.785624012638230340e+01
3.785624012638230340e+01
3.785624012638230340e+01
3.785624012638230340e+01
3.785624012638230340e+01
3.785624012638230340e+01
3.785624012638230340e+01
3.785624012638230340e+01
3.785624012638230340e+01
3.785624012638230340e+01
3.785624012638230340e+01
3.785624012638230340e+01
