3.715797788309635763e+01
3.715797788309635763e+01
3.715797788309635763e+01
3.715797788309635763e+01
3.715797788309635763e+01
3.715797788309635763e+01
3.715797788309635763e+01
3.715797788309635763e+01
3.715797788309635763e+01
3.715797788309635763e+01
3.715797788309635763e+01
3.715797788309635763e+01
3.715797788309635763e+01
3.715797788309635763e+01
3.715797788309635763e+01
3.715797788309635763e+01
3.715797788309635763e+01
3.715797788309635763e+01
3.715797788309635763e+01
3.715797788309635763e+01
3.715797788309635763e+01
3.715797788309635763e+01
3.715797788309635763e+01
3.715797788309635763e+01
3.715797788309635763e+01
3.715797788309635763e+01
3.715797788309635763e+01
3.715797788309635763e+01
3.715797788309635763e+01
3.715797788309635763e+01
3.715797788309635763e+01
3.715797788309635763e+01
3.715797788309635763e+01
3.715797788309635763e+01
3.715797788309635763e+01
3.715797788309635763e+01
3.715797788309635763e+01
3.715797788309635763e+01
3.715797788309635763e+01
3.715797788309635763e+01
