3.650236966824643758e+01
3.650236966824643758e+01
3.650236966824643758e+01
3.650236966824643758e+01
3.650236966824643758e+01
3.650236966824643758e+01
3.650236966824643758e+01
3.650236966824643758e+01
3.650236966824643758e+01
3.650236966824643758e+01
3.650236966824643758e+01
3.650236966824643758e+01
3.650236966824643758e+01
3.650236966824643758e+01
3.650236966824643758e+01
3.650236966824643758e+01
3.650236966824643758e+01
3.650236966824643758e+01
3.650236966824643758e+01
3.650236966824643758e+01
3.650236966824643758e+01
3.650236966824643758e+01
3.650236966824643758e+01
3.650236966824643758e+01
3.650236966824643758e+01
3.650236966824643758e+01
3.650236966824643758e+01
3.650236966824643758e+01
3.650236966824643758e+01
3.650236966824643758e+01
3.650236966824643758e+01
3.650236966824643758e+01
3.650236966824643758e+01
3.650236966824643758e+01
3.650236966824643758e+01
3.650236966824643758e+01
3.650236966824643758e+01
3.650236966824643758e+01
3.650236966824643758e+01
3.650236966824643758e+01
