3.774723538704580506e+01
3.774723538704580506e+01
3.774723538704580506e+01
3.774723538704580506e+01
3.774723538704580506e+01
3.774723538704580506e+01
3.774723538704580506e+01
3.774723538704580506e+01
3.774723538704580506e+01
3.774723538704580506e+01
3.774723538704580506e+01
3.774723538704580506e+01
3.774723538704580506e+01
3.774723538704580506e+01
3.774723538704580506e+01
3.774723538704580506e+01
3.774723538704580506e+01
3.774723538704580506e+01
3.774723538704580506e+01
3.774723538704580506e+01
3.774723538704580506e+01
3.774723538704580506e+01
3.774723538704580506e+01
3.774723538704580506e+01
3.774723538704580506e+01
3.774723538704580506e+01
3.774723538704580506e+01
3.774723538704580506e+01
3.774723538704580506e+01
3.774723538704580506e+01
3.774723538704580506e+01
3.774723538704580506e+01
3.774723538704580506e+01
3.774723538704580506e+01
3.774723538704580506e+01
3.774723538704580506e+01
3.774723538704580506e+01
3.774723538704580506e+01
3.774723538704580506e+01
3.774723538704580506e+01
