3.777409162717219715e+01
3.777409162717219715e+01
3.777409162717219715e+01
3.777409162717219715e+01
3.777409162717219715e+01
3.777409162717219715e+01
3.777409162717219715e+01
3.777409162717219715e+01
3.777409162717219715e+01
3.777409162717219715e+01
3.777409162717219715e+01
3.777409162717219715e+01
3.777409162717219715e+01
3.777409162717219715e+01
3.777409162717219715e+01
3.777409162717219715e+01
3.777409162717219715e+01
3.777409162717219715e+01
3.777409162717219715e+01
3.777409162717219715e+01
3.777409162717219715e+01
3.777409162717219715e+01
3.777409162717219715e+01
3.777409162717219715e+01
3.777409162717219715e+01
3.777409162717219715e+01
3.777409162717219715e+01
3.777409162717219715e+01
3.777409162717219715e+01
3.777409162717219715e+01
3.777409162717219715e+01
3.777409162717219715e+01
3.777409162717219715e+01
3.777409162717219715e+01
3.777409162717219715e+01
3.777409162717219715e+01
3.777409162717219715e+01
3.777409162717219715e+01
3.777409162717219715e+01
3.777409162717219715e+01
