3.650710900473933407e+01
3.650710900473933407e+01
3.650710900473933407e+01
3.650710900473933407e+01
3.650710900473933407e+01
3.650710900473933407e+01
3.650710900473933407e+01
3.650710900473933407e+01
3.650710900473933407e+01
3.650710900473933407e+01
3.650710900473933407e+01
3.650710900473933407e+01
3.650710900473933407e+01
3.650710900473933407e+01
3.650710900473933407e+01
3.650710900473933407e+01
3.650710900473933407e+01
3.650710900473933407e+01
3.650710900473933407e+01
3.650710900473933407e+01
3.650710900473933407e+01
3.650710900473933407e+01
3.650710900473933407e+01
3.650710900473933407e+01
3.650710900473933407e+01
3.650710900473933407e+01
3.650710900473933407e+01
3.650710900473933407e+01
3.650710900473933407e+01
3.650710900473933407e+01
3.650710900473933407e+01
3.650710900473933407e+01
3.650710900473933407e+01
3.650710900473933407e+01
3.650710900473933407e+01
3.650710900473933407e+01
3.650710900473933407e+01
3.650710900473933407e+01
3.650710900473933407e+01
3.650710900473933407e+01
