3.770774091627172453e+01
3.770774091627172453e+01
3.770774091627172453e+01
3.770774091627172453e+01
3.770774091627172453e+01
3.770774091627172453e+01
3.770774091627172453e+01
3.770774091627172453e+01
3.770774091627172453e+01
3.770774091627172453e+01
3.770774091627172453e+01
3.770774091627172453e+01
3.770774091627172453e+01
3.770774091627172453e+01
3.770774091627172453e+01
3.770774091627172453e+01
3.770774091627172453e+01
3.770774091627172453e+01
3.770774091627172453e+01
3.770774091627172453e+01
3.770774091627172453e+01
3.770774091627172453e+01
3.770774091627172453e+01
3.770774091627172453e+01
3.770774091627172453e+01
3.770774091627172453e+01
3.770774091627172453e+01
3.770774091627172453e+01
3.770774091627172453e+01
3.770774091627172453e+01
3.770774091627172453e+01
3.770774091627172453e+01
3.770774091627172453e+01
3.770774091627172453e+01
3.770774091627172453e+01
3.770774091627172453e+01
3.770774091627172453e+01
3.770774091627172453e+01
3.770774091627172453e+01
3.770774091627172453e+01
