3.697314375987360791e+01
3.697314375987360791e+01
3.697314375987360791e+01
3.697314375987360791e+01
3.697314375987360791e+01
3.697314375987360791e+01
3.697314375987360791e+01
3.697314375987360791e+01
3.697314375987360791e+01
3.697314375987360791e+01
3.697314375987360791e+01
3.697314375987360791e+01
3.697314375987360791e+01
3.697314375987360791e+01
3.697314375987360791e+01
3.697314375987360791e+01
3.697314375987360791e+01
3.697314375987360791e+01
3.697314375987360791e+01
3.697314375987360791e+01
3.697314375987360791e+01
3.697314375987360791e+01
3.697314375987360791e+01
3.697314375987360791e+01
3.697314375987360791e+01
3.697314375987360791e+01
3.697314375987360791e+01
3.697314375987360791e+01
3.697314375987360791e+01
3.697314375987360791e+01
3.697314375987360791e+01
3.697314375987360791e+01
3.697314375987360791e+01
3.697314375987360791e+01
3.697314375987360791e+01
3.697314375987360791e+01
3.697314375987360791e+01
3.697314375987360791e+01
3.697314375987360791e+01
3.697314375987360791e+01
