3.782464454976303614e+01
3.782464454976303614e+01
3.782464454976303614e+01
3.782464454976303614e+01
3.782464454976303614e+01
3.782464454976303614e+01
3.782464454976303614e+01
3.782464454976303614e+01
3.782464454976303614e+01
3.782464454976303614e+01
3.782464454976303614e+01
3.782464454976303614e+01
3.782464454976303614e+01
3.782464454976303614e+01
3.782464454976303614e+01
3.782464454976303614e+01
3.782464454976303614e+01
3.782464454976303614e+01
3.782464454976303614e+01
3.782464454976303614e+01
3.782464454976303614e+01
3.782464454976303614e+01
3.782464454976303614e+01
3.782464454976303614e+01
3.782464454976303614e+01
3.782464454976303614e+01
3.782464454976303614e+01
3.782464454976303614e+01
3.782464454976303614e+01
3.782464454976303614e+01
3.782464454976303614e+01
3.782464454976303614e+01
3.782464454976303614e+01
3.782464454976303614e+01
3.782464454976303614e+01
3.782464454976303614e+01
3.782464454976303614e+01
3.782464454976303614e+01
3.782464454976303614e+01
3.782464454976303614e+01
