3.672827804107424754e+01
3.672827804107424754e+01
3.672827804107424754e+01
3.672827804107424754e+01
3.672827804107424754e+01
3.672827804107424754e+01
3.672827804107424754e+01
3.672827804107424754e+01
3.672827804107424754e+01
3.672827804107424754e+01
3.672827804107424754e+01
3.672827804107424754e+01
3.672827804107424754e+01
3.672827804107424754e+01
3.672827804107424754e+01
3.672827804107424754e+01
3.672827804107424754e+01
3.672827804107424754e+01
3.672827804107424754e+01
3.672827804107424754e+01
3.672827804107424754e+01
3.672827804107424754e+01
3.672827804107424754e+01
3.672827804107424754e+01
3.672827804107424754e+01
3.672827804107424754e+01
3.672827804107424754e+01
3.672827804107424754e+01
3.672827804107424754e+01
3.672827804107424754e+01
3.672827804107424754e+01
3.672827804107424754e+01
3.672827804107424754e+01
3.672827804107424754e+01
3.672827804107424754e+01
3.672827804107424754e+01
3.672827804107424754e+01
3.672827804107424754e+01
3.672827804107424754e+01
3.672827804107424754e+01
