3.655766192733016595e+01
3.655766192733016595e+01
3.655766192733016595e+01
3.655766192733016595e+01
3.655766192733016595e+01
3.655766192733016595e+01
3.655766192733016595e+01
3.655766192733016595e+01
3.655766192733016595e+01
3.655766192733016595e+01
3.655766192733016595e+01
3.655766192733016595e+01
3.655766192733016595e+01
3.655766192733016595e+01
3.655766192733016595e+01
3.655766192733016595e+01
3.655766192733016595e+01
3.655766192733016595e+01
3.655766192733016595e+01
3.655766192733016595e+01
3.655766192733016595e+01
3.655766192733016595e+01
3.655766192733016595e+01
3.655766192733016595e+01
3.655766192733016595e+01
3.655766192733016595e+01
3.655766192733016595e+01
3.655766192733016595e+01
3.655766192733016595e+01
3.655766192733016595e+01
3.655766192733016595e+01
3.655766192733016595e+01
3.655766192733016595e+01
3.655766192733016595e+01
3.655766192733016595e+01
3.655766192733016595e+01
3.655766192733016595e+01
3.655766192733016595e+01
3.655766192733016595e+01
3.655766192733016595e+01
