3.754344391785149782e+01
3.754344391785149782e+01
3.754344391785149782e+01
3.754344391785149782e+01
3.754344391785149782e+01
3.754344391785149782e+01
3.754344391785149782e+01
3.754344391785149782e+01
3.754344391785149782e+01
3.754344391785149782e+01
3.754344391785149782e+01
3.754344391785149782e+01
3.754344391785149782e+01
3.754344391785149782e+01
3.754344391785149782e+01
3.754344391785149782e+01
3.754344391785149782e+01
3.754344391785149782e+01
3.754344391785149782e+01
3.754344391785149782e+01
3.754344391785149782e+01
3.754344391785149782e+01
3.754344391785149782e+01
3.754344391785149782e+01
3.754344391785149782e+01
3.754344391785149782e+01
3.754344391785149782e+01
3.754344391785149782e+01
3.754344391785149782e+01
3.754344391785149782e+01
3.754344391785149782e+01
3.754344391785149782e+01
3.754344391785149782e+01
3.754344391785149782e+01
3.754344391785149782e+01
3.754344391785149782e+01
3.754344391785149782e+01
3.754344391785149782e+01
3.754344391785149782e+01
3.754344391785149782e+01
