3.654818325434438719e+01
3.654818325434438719e+01
3.654818325434438719e+01
3.654818325434438719e+01
3.654818325434438719e+01
3.654818325434438719e+01
3.654818325434438719e+01
3.654818325434438719e+01
3.654818325434438719e+01
3.654818325434438719e+01
3.654818325434438719e+01
3.654818325434438719e+01
3.654818325434438719e+01
3.654818325434438719e+01
3.654818325434438719e+01
3.654818325434438719e+01
3.654818325434438719e+01
3.654818325434438719e+01
3.654818325434438719e+01
3.654818325434438719e+01
3.654818325434438719e+01
3.654818325434438719e+01
3.654818325434438719e+01
3.654818325434438719e+01
3.654818325434438719e+01
3.654818325434438719e+01
3.654818325434438719e+01
3.654818325434438719e+01
3.654818325434438719e+01
3.654818325434438719e+01
3.654818325434438719e+01
3.654818325434438719e+01
3.654818325434438719e+01
3.654818325434438719e+01
3.654818325434438719e+01
3.654818325434438719e+01
3.654818325434438719e+01
3.654818325434438719e+01
3.654818325434438719e+01
3.654818325434438719e+01
