3.779146919431279628e+01
3.779146919431279628e+01
3.779146919431279628e+01
3.779146919431279628e+01
3.779146919431279628e+01
3.779146919431279628e+01
3.779146919431279628e+01
3.779146919431279628e+01
3.779146919431279628e+01
3.779146919431279628e+01
3.779146919431279628e+01
3.779146919431279628e+01
3.779146919431279628e+01
3.779146919431279628e+01
3.779146919431279628e+01
3.779146919431279628e+01
3.779146919431279628e+01
3.779146919431279628e+01
3.779146919431279628e+01
3.779146919431279628e+01
3.779146919431279628e+01
3.779146919431279628e+01
3.779146919431279628e+01
3.779146919431279628e+01
3.779146919431279628e+01
3.779146919431279628e+01
3.779146919431279628e+01
3.779146919431279628e+01
3.779146919431279628e+01
3.779146919431279628e+01
3.779146919431279628e+01
3.779146919431279628e+01
3.779146919431279628e+01
3.779146919431279628e+01
3.779146919431279628e+01
3.779146919431279628e+01
3.779146919431279628e+01
3.779146919431279628e+01
3.779146919431279628e+01
3.779146919431279628e+01
