3.653080568720379517e+01
3.653080568720379517e+01
3.653080568720379517e+01
3.653080568720379517e+01
3.653080568720379517e+01
3.653080568720379517e+01
3.653080568720379517e+01
3.653080568720379517e+01
3.653080568720379517e+01
3.653080568720379517e+01
3.653080568720379517e+01
3.653080568720379517e+01
3.653080568720379517e+01
3.653080568720379517e+01
3.653080568720379517e+01
3.653080568720379517e+01
3.653080568720379517e+01
3.653080568720379517e+01
3.653080568720379517e+01
3.653080568720379517e+01
3.653080568720379517e+01
3.653080568720379517e+01
3.653080568720379517e+01
3.653080568720379517e+01
3.653080568720379517e+01
3.653080568720379517e+01
3.653080568720379517e+01
3.653080568720379517e+01
3.653080568720379517e+01
3.653080568720379517e+01
3.653080568720379517e+01
3.653080568720379517e+01
3.653080568720379517e+01
3.653080568720379517e+01
3.653080568720379517e+01
3.653080568720379517e+01
3.653080568720379517e+01
3.653080568720379517e+01
3.653080568720379517e+01
3.653080568720379517e+01
