3.648025276461296329e+01
3.648025276461296329e+01
3.648025276461296329e+01
3.648025276461296329e+01
3.648025276461296329e+01
3.648025276461296329e+01
3.648025276461296329e+01
3.648025276461296329e+01
3.648025276461296329e+01
3.648025276461296329e+01
3.648025276461296329e+01
3.648025276461296329e+01
3.648025276461296329e+01
3.648025276461296329e+01
3.648025276461296329e+01
3.648025276461296329e+01
3.648025276461296329e+01
3.648025276461296329e+01
3.648025276461296329e+01
3.648025276461296329e+01
3.648025276461296329e+01
3.648025276461296329e+01
3.648025276461296329e+01
3.648025276461296329e+01
3.648025276461296329e+01
3.648025276461296329e+01
3.648025276461296329e+01
3.648025276461296329e+01
3.648025276461296329e+01
3.648025276461296329e+01
3.648025276461296329e+01
3.648025276461296329e+01
3.648025276461296329e+01
3.648025276461296329e+01
3.648025276461296329e+01
3.648025276461296329e+01
3.648025276461296329e+01
3.648025276461296329e+01
3.648025276461296329e+01
3.648025276461296329e+01
