3.677093206951027327e+01
3.677093206951027327e+01
3.677093206951027327e+01
3.677093206951027327e+01
3.677093206951027327e+01
3.677093206951027327e+01
3.677093206951027327e+01
3.677093206951027327e+01
3.677093206951027327e+01
3.677093206951027327e+01
3.677093206951027327e+01
3.677093206951027327e+01
3.677093206951027327e+01
3.677093206951027327e+01
3.677093206951027327e+01
3.677093206951027327e+01
3.677093206951027327e+01
3.677093206951027327e+01
3.677093206951027327e+01
3.677093206951027327e+01
3.677093206951027327e+01
3.677093206951027327e+01
3.677093206951027327e+01
3.677093206951027327e+01
3.677093206951027327e+01
3.677093206951027327e+01
3.677093206951027327e+01
3.677093206951027327e+01
3.677093206951027327e+01
3.677093206951027327e+01
3.677093206951027327e+01
3.677093206951027327e+01
3.677093206951027327e+01
3.677093206951027327e+01
3.677093206951027327e+01
3.677093206951027327e+01
3.677093206951027327e+01
3.677093206951027327e+01
3.677093206951027327e+01
3.677093206951027327e+01
