3.777251184834122455e+01
3.777251184834122455e+01
3.777251184834122455e+01
3.777251184834122455e+01
3.777251184834122455e+01
3.777251184834122455e+01
3.777251184834122455e+01
3.777251184834122455e+01
3.777251184834122455e+01
3.777251184834122455e+01
3.777251184834122455e+01
3.777251184834122455e+01
3.777251184834122455e+01
3.777251184834122455e+01
3.777251184834122455e+01
3.777251184834122455e+01
3.777251184834122455e+01
3.777251184834122455e+01
3.777251184834122455e+01
3.777251184834122455e+01
3.777251184834122455e+01
3.777251184834122455e+01
3.777251184834122455e+01
3.777251184834122455e+01
3.777251184834122455e+01
3.777251184834122455e+01
3.777251184834122455e+01
3.777251184834122455e+01
3.777251184834122455e+01
3.777251184834122455e+01
3.777251184834122455e+01
3.777251184834122455e+01
3.777251184834122455e+01
3.777251184834122455e+01
3.777251184834122455e+01
3.777251184834122455e+01
3.777251184834122455e+01
3.777251184834122455e+01
3.777251184834122455e+01
3.777251184834122455e+01
