3.781516587677724317e+01
3.781516587677724317e+01
3.781516587677724317e+01
3.781516587677724317e+01
3.781516587677724317e+01
3.781516587677724317e+01
3.781516587677724317e+01
3.781516587677724317e+01
3.781516587677724317e+01
3.781516587677724317e+01
3.781516587677724317e+01
3.781516587677724317e+01
3.781516587677724317e+01
3.781516587677724317e+01
3.781516587677724317e+01
3.781516587677724317e+01
3.781516587677724317e+01
3.781516587677724317e+01
3.781516587677724317e+01
3.781516587677724317e+01
3.781516587677724317e+01
3.781516587677724317e+01
3.781516587677724317e+01
3.781516587677724317e+01
3.781516587677724317e+01
3.781516587677724317e+01
3.781516587677724317e+01
3.781516587677724317e+01
3.781516587677724317e+01
3.781516587677724317e+01
3.781516587677724317e+01
3.781516587677724317e+01
3.781516587677724317e+01
3.781516587677724317e+01
3.781516587677724317e+01
3.781516587677724317e+01
3.781516587677724317e+01
3.781516587677724317e+01
3.781516587677724317e+01
3.781516587677724317e+01
