3.803317535545023276e+01
3.803317535545023276e+01
3.803317535545023276e+01
3.803317535545023276e+01
3.803317535545023276e+01
3.803317535545023276e+01
3.803317535545023276e+01
3.803317535545023276e+01
3.803317535545023276e+01
3.803317535545023276e+01
3.803317535545023276e+01
3.803317535545023276e+01
3.803317535545023276e+01
3.803317535545023276e+01
3.803317535545023276e+01
3.803317535545023276e+01
3.803317535545023276e+01
3.803317535545023276e+01
3.803317535545023276e+01
3.803317535545023276e+01
3.803317535545023276e+01
3.803317535545023276e+01
3.803317535545023276e+01
3.803317535545023276e+01
3.803317535545023276e+01
3.803317535545023276e+01
3.803317535545023276e+01
3.803317535545023276e+01
3.803317535545023276e+01
3.803317535545023276e+01
3.803317535545023276e+01
3.803317535545023276e+01
3.803317535545023276e+01
3.803317535545023276e+01
3.803317535545023276e+01
3.803317535545023276e+01
3.803317535545023276e+01
3.803317535545023276e+01
3.803317535545023276e+01
3.803317535545023276e+01
