3.764454976303316869e+01
3.764454976303316869e+01
3.764454976303316869e+01
3.764454976303316869e+01
3.764454976303316869e+01
3.764454976303316869e+01
3.764454976303316869e+01
3.764454976303316869e+01
3.764454976303316869e+01
3.764454976303316869e+01
3.764454976303316869e+01
3.764454976303316869e+01
3.764454976303316869e+01
3.764454976303316869e+01
3.764454976303316869e+01
3.764454976303316869e+01
3.764454976303316869e+01
3.764454976303316869e+01
3.764454976303316869e+01
3.764454976303316869e+01
3.764454976303316869e+01
3.764454976303316869e+01
3.764454976303316869e+01
3.764454976303316869e+01
3.764454976303316869e+01
3.764454976303316869e+01
3.764454976303316869e+01
3.764454976303316869e+01
3.764454976303316869e+01
3.764454976303316869e+01
3.764454976303316869e+01
3.764454976303316869e+01
3.764454976303316869e+01
3.764454976303316869e+01
3.764454976303316869e+01
3.764454976303316869e+01
3.764454976303316869e+01
3.764454976303316869e+01
3.764454976303316869e+01
3.764454976303316869e+01
