3.663981042654028641e+01
3.663981042654028641e+01
3.663981042654028641e+01
3.663981042654028641e+01
3.663981042654028641e+01
3.663981042654028641e+01
3.663981042654028641e+01
3.663981042654028641e+01
3.663981042654028641e+01
3.663981042654028641e+01
3.663981042654028641e+01
3.663981042654028641e+01
3.663981042654028641e+01
3.663981042654028641e+01
3.663981042654028641e+01
3.663981042654028641e+01
3.663981042654028641e+01
3.663981042654028641e+01
3.663981042654028641e+01
3.663981042654028641e+01
3.663981042654028641e+01
3.663981042654028641e+01
3.663981042654028641e+01
3.663981042654028641e+01
3.663981042654028641e+01
3.663981042654028641e+01
3.663981042654028641e+01
3.663981042654028641e+01
3.663981042654028641e+01
3.663981042654028641e+01
3.663981042654028641e+01
3.663981042654028641e+01
3.663981042654028641e+01
3.663981042654028641e+01
3.663981042654028641e+01
3.663981042654028641e+01
3.663981042654028641e+01
3.663981042654028641e+01
3.663981042654028641e+01
3.663981042654028641e+01
