3.763349131121643865e+01
3.763349131121643865e+01
3.763349131121643865e+01
3.763349131121643865e+01
3.763349131121643865e+01
3.763349131121643865e+01
3.763349131121643865e+01
3.763349131121643865e+01
3.763349131121643865e+01
3.763349131121643865e+01
3.763349131121643865e+01
3.763349131121643865e+01
3.763349131121643865e+01
3.763349131121643865e+01
3.763349131121643865e+01
3.763349131121643865e+01
3.763349131121643865e+01
3.763349131121643865e+01
3.763349131121643865e+01
3.763349131121643865e+01
3.763349131121643865e+01
3.763349131121643865e+01
3.763349131121643865e+01
3.763349131121643865e+01
3.763349131121643865e+01
3.763349131121643865e+01
3.763349131121643865e+01
3.763349131121643865e+01
3.763349131121643865e+01
3.763349131121643865e+01
3.763349131121643865e+01
3.763349131121643865e+01
3.763349131121643865e+01
3.763349131121643865e+01
3.763349131121643865e+01
3.763349131121643865e+01
3.763349131121643865e+01
3.763349131121643865e+01
3.763349131121643865e+01
3.763349131121643865e+01
