3.781042654028436800e+01
3.781042654028436800e+01
3.781042654028436800e+01
3.781042654028436800e+01
3.781042654028436800e+01
3.781042654028436800e+01
3.781042654028436800e+01
3.781042654028436800e+01
3.781042654028436800e+01
3.781042654028436800e+01
3.781042654028436800e+01
3.781042654028436800e+01
3.781042654028436800e+01
3.781042654028436800e+01
3.781042654028436800e+01
3.781042654028436800e+01
3.781042654028436800e+01
3.781042654028436800e+01
3.781042654028436800e+01
3.781042654028436800e+01
3.781042654028436800e+01
3.781042654028436800e+01
3.781042654028436800e+01
3.781042654028436800e+01
3.781042654028436800e+01
3.781042654028436800e+01
3.781042654028436800e+01
3.781042654028436800e+01
3.781042654028436800e+01
3.781042654028436800e+01
3.781042654028436800e+01
3.781042654028436800e+01
3.781042654028436800e+01
3.781042654028436800e+01
3.781042654028436800e+01
3.781042654028436800e+01
3.781042654028436800e+01
3.781042654028436800e+01
3.781042654028436800e+01
3.781042654028436800e+01
