7.528593996840443481e+01
7.528593996840443481e+01
7.528593996840443481e+01
7.528593996840443481e+01
7.528593996840443481e+01
7.528593996840443481e+01
7.528593996840443481e+01
7.528593996840443481e+01
7.528593996840443481e+01
7.528593996840443481e+01
7.528593996840443481e+01
7.528593996840443481e+01
7.528593996840443481e+01
7.528593996840443481e+01
7.528593996840443481e+01
7.528593996840443481e+01
7.528593996840443481e+01
7.528593996840443481e+01
7.528593996840443481e+01
7.528593996840443481e+01
7.528593996840443481e+01
7.528593996840443481e+01
7.528593996840443481e+01
7.528593996840443481e+01
7.528593996840443481e+01
7.528593996840443481e+01
7.528593996840443481e+01
7.528593996840443481e+01
7.528593996840443481e+01
7.528593996840443481e+01
7.528593996840443481e+01
7.528593996840443481e+01
7.528593996840443481e+01
7.528593996840443481e+01
7.528593996840443481e+01
7.528593996840443481e+01
7.528593996840443481e+01
7.528593996840443481e+01
7.528593996840443481e+01
7.528593996840443481e+01
