3.645813586097946057e+01
3.645813586097946057e+01
3.645813586097946057e+01
3.645813586097946057e+01
3.645813586097946057e+01
3.645813586097946057e+01
3.645813586097946057e+01
3.645813586097946057e+01
3.645813586097946057e+01
3.645813586097946057e+01
3.645813586097946057e+01
3.645813586097946057e+01
3.645813586097946057e+01
3.645813586097946057e+01
3.645813586097946057e+01
3.645813586097946057e+01
3.645813586097946057e+01
3.645813586097946057e+01
3.645813586097946057e+01
3.645813586097946057e+01
3.645813586097946057e+01
3.645813586097946057e+01
3.645813586097946057e+01
3.645813586097946057e+01
3.645813586097946057e+01
3.645813586097946057e+01
3.645813586097946057e+01
3.645813586097946057e+01
3.645813586097946057e+01
3.645813586097946057e+01
3.645813586097946057e+01
3.645813586097946057e+01
3.645813586097946057e+01
3.645813586097946057e+01
3.645813586097946057e+01
3.645813586097946057e+01
3.645813586097946057e+01
3.645813586097946057e+01
3.645813586097946057e+01
3.645813586097946057e+01
