3.777093206951026616e+01
3.777093206951026616e+01
3.777093206951026616e+01
3.777093206951026616e+01
3.777093206951026616e+01
3.777093206951026616e+01
3.777093206951026616e+01
3.777093206951026616e+01
3.777093206951026616e+01
3.777093206951026616e+01
3.777093206951026616e+01
3.777093206951026616e+01
3.777093206951026616e+01
3.777093206951026616e+01
3.777093206951026616e+01
3.777093206951026616e+01
3.777093206951026616e+01
3.777093206951026616e+01
3.777093206951026616e+01
3.777093206951026616e+01
3.777093206951026616e+01
3.777093206951026616e+01
3.777093206951026616e+01
3.777093206951026616e+01
3.777093206951026616e+01
3.777093206951026616e+01
3.777093206951026616e+01
3.777093206951026616e+01
3.777093206951026616e+01
3.777093206951026616e+01
3.777093206951026616e+01
3.777093206951026616e+01
3.777093206951026616e+01
3.777093206951026616e+01
3.777093206951026616e+01
3.777093206951026616e+01
3.777093206951026616e+01
3.777093206951026616e+01
3.777093206951026616e+01
3.777093206951026616e+01
