3.749921011058452791e+01
3.749921011058452791e+01
3.749921011058452791e+01
3.749921011058452791e+01
3.749921011058452791e+01
3.749921011058452791e+01
3.749921011058452791e+01
3.749921011058452791e+01
3.749921011058452791e+01
3.749921011058452791e+01
3.749921011058452791e+01
3.749921011058452791e+01
3.749921011058452791e+01
3.749921011058452791e+01
3.749921011058452791e+01
3.749921011058452791e+01
3.749921011058452791e+01
3.749921011058452791e+01
3.749921011058452791e+01
3.749921011058452791e+01
3.749921011058452791e+01
3.749921011058452791e+01
3.749921011058452791e+01
3.749921011058452791e+01
3.749921011058452791e+01
3.749921011058452791e+01
3.749921011058452791e+01
3.749921011058452791e+01
3.749921011058452791e+01
3.749921011058452791e+01
3.749921011058452791e+01
3.749921011058452791e+01
3.749921011058452791e+01
3.749921011058452791e+01
3.749921011058452791e+01
3.749921011058452791e+01
3.749921011058452791e+01
3.749921011058452791e+01
3.749921011058452791e+01
3.749921011058452791e+01
