3.773775671406004761e+01
3.773775671406004761e+01
3.773775671406004761e+01
3.773775671406004761e+01
3.773775671406004761e+01
3.773775671406004761e+01
3.773775671406004761e+01
3.773775671406004761e+01
3.773775671406004761e+01
3.773775671406004761e+01
3.773775671406004761e+01
3.773775671406004761e+01
3.773775671406004761e+01
3.773775671406004761e+01
3.773775671406004761e+01
3.773775671406004761e+01
3.773775671406004761e+01
3.773775671406004761e+01
3.773775671406004761e+01
3.773775671406004761e+01
3.773775671406004761e+01
3.773775671406004761e+01
3.773775671406004761e+01
3.773775671406004761e+01
3.773775671406004761e+01
3.773775671406004761e+01
3.773775671406004761e+01
3.773775671406004761e+01
3.773775671406004761e+01
3.773775671406004761e+01
3.773775671406004761e+01
3.773775671406004761e+01
3.773775671406004761e+01
3.773775671406004761e+01
3.773775671406004761e+01
3.773775671406004761e+01
3.773775671406004761e+01
3.773775671406004761e+01
3.773775671406004761e+01
3.773775671406004761e+01
