3.777093206951025195e+01
3.777093206951025195e+01
3.777093206951025195e+01
3.777093206951025195e+01
3.777093206951025195e+01
3.777093206951025195e+01
3.777093206951025195e+01
3.777093206951025195e+01
3.777093206951025195e+01
3.777093206951025195e+01
3.777093206951025195e+01
3.777093206951025195e+01
3.777093206951025195e+01
3.777093206951025195e+01
3.777093206951025195e+01
3.777093206951025195e+01
3.777093206951025195e+01
3.777093206951025195e+01
3.777093206951025195e+01
3.777093206951025195e+01
3.777093206951025195e+01
3.777093206951025195e+01
3.777093206951025195e+01
3.777093206951025195e+01
3.777093206951025195e+01
3.777093206951025195e+01
3.777093206951025195e+01
3.777093206951025195e+01
3.777093206951025195e+01
3.777093206951025195e+01
3.777093206951025195e+01
3.777093206951025195e+01
3.777093206951025195e+01
3.777093206951025195e+01
3.777093206951025195e+01
3.777093206951025195e+01
3.777093206951025195e+01
3.777093206951025195e+01
3.777093206951025195e+01
3.777093206951025195e+01
