3.781516587677723606e+01
3.781516587677723606e+01
3.781516587677723606e+01
3.781516587677723606e+01
3.781516587677723606e+01
3.781516587677723606e+01
3.781516587677723606e+01
3.781516587677723606e+01
3.781516587677723606e+01
3.781516587677723606e+01
3.781516587677723606e+01
3.781516587677723606e+01
3.781516587677723606e+01
3.781516587677723606e+01
3.781516587677723606e+01
3.781516587677723606e+01
3.781516587677723606e+01
3.781516587677723606e+01
3.781516587677723606e+01
3.781516587677723606e+01
3.781516587677723606e+01
3.781516587677723606e+01
3.781516587677723606e+01
3.781516587677723606e+01
3.781516587677723606e+01
3.781516587677723606e+01
3.781516587677723606e+01
3.781516587677723606e+01
3.781516587677723606e+01
3.781516587677723606e+01
3.781516587677723606e+01
3.781516587677723606e+01
3.781516587677723606e+01
3.781516587677723606e+01
3.781516587677723606e+01
3.781516587677723606e+01
3.781516587677723606e+01
3.781516587677723606e+01
3.781516587677723606e+01
3.781516587677723606e+01
