9.194312796208530258e-01,9.257503949447077884e-01,9.415481832543444174e-01,9.447077409162717432e-01,9.589257503949446537e-01,9.447077409162717432e-01,9.510268562401263948e-01
9.052132701421801153e-01,9.368088467614533732e-01,9.431279620853080248e-01,9.447077409162717432e-01,9.526066350710900021e-01,9.399684044233806990e-01,9.541864139020537205e-01
9.020537124802527895e-01,9.557661927330173279e-01,9.573459715639810463e-01,9.620853080568720905e-01,9.668246445497630237e-01,9.383886255924170916e-01,9.557661927330173279e-01
9.131121642969983743e-01,9.289099526066351142e-01,9.383886255924170916e-01,9.589257503949446537e-01,9.526066350710900021e-01,9.478672985781990690e-01,9.494470774091626764e-01
9.146919431279620927e-01,9.462875197472353506e-01,9.352290679304897658e-01,9.557661927330173279e-01,9.541864139020537205e-01,9.462875197472353506e-01,9.526066350710900021e-01
9.162717219589257001e-01,9.478672985781990690e-01,9.462875197472353506e-01,9.510268562401263948e-01,9.573459715639810463e-01,9.462875197472353506e-01,9.573459715639810463e-01
8.941548183254344195e-01,9.462875197472353506e-01,9.494470774091626764e-01,9.636650868878356979e-01,9.510268562401263948e-01,9.462875197472353506e-01,9.526066350710900021e-01
9.162717219589257001e-01,9.383886255924170916e-01,9.399684044233806990e-01,9.573459715639810463e-01,9.589257503949446537e-01,9.431279620853080248e-01,9.304897314375987216e-01
9.241706161137440700e-01,9.399684044233806990e-01,9.589257503949446537e-01,9.478672985781990690e-01,9.510268562401263948e-01,9.620853080568720905e-01,9.415481832543444174e-01
9.067930489731437227e-01,9.415481832543444174e-01,9.557661927330173279e-01,9.415481832543444174e-01,9.589257503949446537e-01,9.541864139020537205e-01,9.336492890995260474e-01
8.878357030015797680e-01,9.399684044233806990e-01,9.684044233807267421e-01,9.383886255924170916e-01,9.399684044233806990e-01,9.415481832543444174e-01,9.652448657187994163e-01
8.925750394944708122e-01,9.399684044233806990e-01,9.336492890995260474e-01,9.462875197472353506e-01,9.526066350710900021e-01,9.557661927330173279e-01,9.526066350710900021e-01
9.131121642969983743e-01,9.510268562401263948e-01,9.494470774091626764e-01,9.399684044233806990e-01,9.636650868878356979e-01,9.589257503949446537e-01,9.399684044233806990e-01
9.004739336492890711e-01,9.415481832543444174e-01,9.494470774091626764e-01,9.541864139020537205e-01,9.541864139020537205e-01,9.510268562401263948e-01,9.510268562401263948e-01
9.162717219589257001e-01,9.399684044233806990e-01,9.510268562401263948e-01,9.415481832543444174e-01,9.589257503949446537e-01,9.605055292259083721e-01,9.573459715639810463e-01
8.941548183254344195e-01,9.368088467614533732e-01,9.605055292259083721e-01,9.526066350710900021e-01,9.573459715639810463e-01,9.605055292259083721e-01,9.557661927330173279e-01
9.083728278041074411e-01,9.336492890995260474e-01,9.431279620853080248e-01,9.541864139020537205e-01,9.526066350710900021e-01,9.589257503949446537e-01,9.478672985781990690e-01
9.083728278041074411e-01,9.510268562401263948e-01,9.415481832543444174e-01,9.383886255924170916e-01,9.541864139020537205e-01,9.478672985781990690e-01,9.573459715639810463e-01
9.131121642969983743e-01,9.162717219589257001e-01,9.478672985781990690e-01,9.383886255924170916e-01,9.257503949447077884e-01,9.462875197472353506e-01,9.747235387045813937e-01
9.099526066350710485e-01,9.462875197472353506e-01,9.447077409162717432e-01,9.368088467614533732e-01,9.510268562401263948e-01,9.447077409162717432e-01,9.573459715639810463e-01
9.052132701421801153e-01,9.304897314375987216e-01,9.526066350710900021e-01,9.431279620853080248e-01,9.494470774091626764e-01,9.526066350710900021e-01,9.526066350710900021e-01
9.020537124802527895e-01,9.478672985781990690e-01,9.494470774091626764e-01,9.431279620853080248e-01,9.494470774091626764e-01,9.368088467614533732e-01,9.478672985781990690e-01
9.194312796208530258e-01,9.447077409162717432e-01,9.573459715639810463e-01,9.541864139020537205e-01,9.589257503949446537e-01,9.526066350710900021e-01,9.526066350710900021e-01
9.146919431279620927e-01,9.431279620853080248e-01,9.589257503949446537e-01,9.573459715639810463e-01,9.573459715639810463e-01,9.415481832543444174e-01,9.336492890995260474e-01
9.273301737756713958e-01,9.478672985781990690e-01,9.557661927330173279e-01,9.620853080568720905e-01,9.557661927330173279e-01,9.526066350710900021e-01,9.557661927330173279e-01
9.162717219589257001e-01,9.368088467614533732e-01,9.510268562401263948e-01,9.526066350710900021e-01,9.699842022116903495e-01,9.494470774091626764e-01,9.462875197472353506e-01
9.304897314375987216e-01,9.589257503949446537e-01,9.431279620853080248e-01,9.589257503949446537e-01,9.526066350710900021e-01,9.636650868878356979e-01,9.494470774091626764e-01
9.194312796208530258e-01,9.541864139020537205e-01,9.510268562401263948e-01,9.573459715639810463e-01,9.541864139020537205e-01,9.573459715639810463e-01,9.478672985781990690e-01
9.194312796208530258e-01,9.510268562401263948e-01,9.557661927330173279e-01,9.352290679304897658e-01,9.636650868878356979e-01,9.478672985781990690e-01,9.368088467614533732e-01
9.115323854660347669e-01,9.415481832543444174e-01,9.210110584518167443e-01,9.589257503949446537e-01,9.447077409162717432e-01,9.431279620853080248e-01,9.494470774091626764e-01
8.988941548183254637e-01,9.336492890995260474e-01,9.620853080568720905e-01,9.494470774091626764e-01,9.620853080568720905e-01,9.478672985781990690e-01,9.573459715639810463e-01
9.210110584518167443e-01,9.273301737756713958e-01,9.320695102685624400e-01,9.447077409162717432e-01,9.526066350710900021e-01,9.494470774091626764e-01,9.415481832543444174e-01
8.973143759873617453e-01,9.557661927330173279e-01,9.462875197472353506e-01,9.557661927330173279e-01,9.526066350710900021e-01,9.605055292259083721e-01,9.399684044233806990e-01
8.894154818325434864e-01,9.383886255924170916e-01,9.573459715639810463e-01,9.494470774091626764e-01,9.636650868878356979e-01,9.478672985781990690e-01,9.557661927330173279e-01
9.194312796208530258e-01,9.510268562401263948e-01,9.478672985781990690e-01,9.478672985781990690e-01,9.605055292259083721e-01,9.510268562401263948e-01,9.573459715639810463e-01
8.957345971563981379e-01,9.304897314375987216e-01,9.462875197472353506e-01,9.478672985781990690e-01,9.415481832543444174e-01,9.399684044233806990e-01,9.573459715639810463e-01
8.878357030015797680e-01,9.510268562401263948e-01,9.194312796208530258e-01,9.573459715639810463e-01,9.541864139020537205e-01,9.526066350710900021e-01,9.526066350710900021e-01
9.099526066350710485e-01,9.225908372827804627e-01,9.478672985781990690e-01,9.494470774091626764e-01,9.447077409162717432e-01,9.620853080568720905e-01,9.557661927330173279e-01
9.241706161137440700e-01,9.352290679304897658e-01,9.336492890995260474e-01,9.415481832543444174e-01,9.668246445497630237e-01,9.526066350710900021e-01,9.510268562401263948e-01
9.146919431279620927e-01,9.320695102685624400e-01,9.557661927330173279e-01,9.541864139020537205e-01,9.541864139020537205e-01,9.478672985781990690e-01,9.431279620853080248e-01
