3.765718799368089265e+01
3.765718799368089265e+01
3.765718799368089265e+01
3.765718799368089265e+01
3.765718799368089265e+01
3.765718799368089265e+01
3.765718799368089265e+01
3.765718799368089265e+01
3.765718799368089265e+01
3.765718799368089265e+01
3.765718799368089265e+01
3.765718799368089265e+01
3.765718799368089265e+01
3.765718799368089265e+01
3.765718799368089265e+01
3.765718799368089265e+01
3.765718799368089265e+01
3.765718799368089265e+01
3.765718799368089265e+01
3.765718799368089265e+01
3.765718799368089265e+01
3.765718799368089265e+01
3.765718799368089265e+01
3.765718799368089265e+01
3.765718799368089265e+01
3.765718799368089265e+01
3.765718799368089265e+01
3.765718799368089265e+01
3.765718799368089265e+01
3.765718799368089265e+01
3.765718799368089265e+01
3.765718799368089265e+01
3.765718799368089265e+01
3.765718799368089265e+01
3.765718799368089265e+01
3.765718799368089265e+01
3.765718799368089265e+01
3.765718799368089265e+01
3.765718799368089265e+01
3.765718799368089265e+01
