3.686571879936808926e+01
3.686571879936808926e+01
3.686571879936808926e+01
3.686571879936808926e+01
3.686571879936808926e+01
3.686571879936808926e+01
3.686571879936808926e+01
3.686571879936808926e+01
3.686571879936808926e+01
3.686571879936808926e+01
3.686571879936808926e+01
3.686571879936808926e+01
3.686571879936808926e+01
3.686571879936808926e+01
3.686571879936808926e+01
3.686571879936808926e+01
3.686571879936808926e+01
3.686571879936808926e+01
3.686571879936808926e+01
3.686571879936808926e+01
3.686571879936808926e+01
3.686571879936808926e+01
3.686571879936808926e+01
3.686571879936808926e+01
3.686571879936808926e+01
3.686571879936808926e+01
3.686571879936808926e+01
3.686571879936808926e+01
3.686571879936808926e+01
3.686571879936808926e+01
3.686571879936808926e+01
3.686571879936808926e+01
3.686571879936808926e+01
3.686571879936808926e+01
3.686571879936808926e+01
3.686571879936808926e+01
3.686571879936808926e+01
3.686571879936808926e+01
3.686571879936808926e+01
3.686571879936808926e+01
