3.788467614533965389e+01
3.788467614533965389e+01
3.788467614533965389e+01
3.788467614533965389e+01
3.788467614533965389e+01
3.788467614533965389e+01
3.788467614533965389e+01
3.788467614533965389e+01
3.788467614533965389e+01
3.788467614533965389e+01
3.788467614533965389e+01
3.788467614533965389e+01
3.788467614533965389e+01
3.788467614533965389e+01
3.788467614533965389e+01
3.788467614533965389e+01
3.788467614533965389e+01
3.788467614533965389e+01
3.788467614533965389e+01
3.788467614533965389e+01
3.788467614533965389e+01
3.788467614533965389e+01
3.788467614533965389e+01
3.788467614533965389e+01
3.788467614533965389e+01
3.788467614533965389e+01
3.788467614533965389e+01
3.788467614533965389e+01
3.788467614533965389e+01
3.788467614533965389e+01
3.788467614533965389e+01
3.788467614533965389e+01
3.788467614533965389e+01
3.788467614533965389e+01
3.788467614533965389e+01
3.788467614533965389e+01
3.788467614533965389e+01
3.788467614533965389e+01
3.788467614533965389e+01
3.788467614533965389e+01
