3.646445497630332255e+01
3.646445497630332255e+01
3.646445497630332255e+01
3.646445497630332255e+01
3.646445497630332255e+01
3.646445497630332255e+01
3.646445497630332255e+01
3.646445497630332255e+01
3.646445497630332255e+01
3.646445497630332255e+01
3.646445497630332255e+01
3.646445497630332255e+01
3.646445497630332255e+01
3.646445497630332255e+01
3.646445497630332255e+01
3.646445497630332255e+01
3.646445497630332255e+01
3.646445497630332255e+01
3.646445497630332255e+01
3.646445497630332255e+01
3.646445497630332255e+01
3.646445497630332255e+01
3.646445497630332255e+01
3.646445497630332255e+01
3.646445497630332255e+01
3.646445497630332255e+01
3.646445497630332255e+01
3.646445497630332255e+01
3.646445497630332255e+01
3.646445497630332255e+01
3.646445497630332255e+01
3.646445497630332255e+01
3.646445497630332255e+01
3.646445497630332255e+01
3.646445497630332255e+01
3.646445497630332255e+01
3.646445497630332255e+01
3.646445497630332255e+01
3.646445497630332255e+01
3.646445497630332255e+01
