3.709636650868878860e+01
3.709636650868878860e+01
3.709636650868878860e+01
3.709636650868878860e+01
3.709636650868878860e+01
3.709636650868878860e+01
3.709636650868878860e+01
3.709636650868878860e+01
3.709636650868878860e+01
3.709636650868878860e+01
3.709636650868878860e+01
3.709636650868878860e+01
3.709636650868878860e+01
3.709636650868878860e+01
3.709636650868878860e+01
3.709636650868878860e+01
3.709636650868878860e+01
3.709636650868878860e+01
3.709636650868878860e+01
3.709636650868878860e+01
3.709636650868878860e+01
3.709636650868878860e+01
3.709636650868878860e+01
3.709636650868878860e+01
3.709636650868878860e+01
3.709636650868878860e+01
3.709636650868878860e+01
3.709636650868878860e+01
3.709636650868878860e+01
3.709636650868878860e+01
3.709636650868878860e+01
3.709636650868878860e+01
3.709636650868878860e+01
3.709636650868878860e+01
3.709636650868878860e+01
3.709636650868878860e+01
3.709636650868878860e+01
3.709636650868878860e+01
3.709636650868878860e+01
3.709636650868878860e+01
