3.661137440758292882e+01
3.661137440758292882e+01
3.661137440758292882e+01
3.661137440758292882e+01
3.661137440758292882e+01
3.661137440758292882e+01
3.661137440758292882e+01
3.661137440758292882e+01
3.661137440758292882e+01
3.661137440758292882e+01
3.661137440758292882e+01
3.661137440758292882e+01
3.661137440758292882e+01
3.661137440758292882e+01
3.661137440758292882e+01
3.661137440758292882e+01
3.661137440758292882e+01
3.661137440758292882e+01
3.661137440758292882e+01
3.661137440758292882e+01
3.661137440758292882e+01
3.661137440758292882e+01
3.661137440758292882e+01
3.661137440758292882e+01
3.661137440758292882e+01
3.661137440758292882e+01
3.661137440758292882e+01
3.661137440758292882e+01
3.661137440758292882e+01
3.661137440758292882e+01
3.661137440758292882e+01
3.661137440758292882e+01
3.661137440758292882e+01
3.661137440758292882e+01
3.661137440758292882e+01
3.661137440758292882e+01
3.661137440758292882e+01
3.661137440758292882e+01
3.661137440758292882e+01
3.661137440758292882e+01
