3.790047393364928752e+01
3.790047393364928752e+01
3.790047393364928752e+01
3.790047393364928752e+01
3.790047393364928752e+01
3.790047393364928752e+01
3.790047393364928752e+01
3.790047393364928752e+01
3.790047393364928752e+01
3.790047393364928752e+01
3.790047393364928752e+01
3.790047393364928752e+01
3.790047393364928752e+01
3.790047393364928752e+01
3.790047393364928752e+01
3.790047393364928752e+01
3.790047393364928752e+01
3.790047393364928752e+01
3.790047393364928752e+01
3.790047393364928752e+01
3.790047393364928752e+01
3.790047393364928752e+01
3.790047393364928752e+01
3.790047393364928752e+01
3.790047393364928752e+01
3.790047393364928752e+01
3.790047393364928752e+01
3.790047393364928752e+01
3.790047393364928752e+01
3.790047393364928752e+01
3.790047393364928752e+01
3.790047393364928752e+01
3.790047393364928752e+01
3.790047393364928752e+01
3.790047393364928752e+01
3.790047393364928752e+01
3.790047393364928752e+01
3.790047393364928752e+01
3.790047393364928752e+01
3.790047393364928752e+01
